-- Abordagem: --chaos 0.2 --search reckless --steps 1
Trail: 2436 2567 2610 2610 2610 2610 2610 2610 2610 2618 2641 2641 2641 2641 2641 2641 2641 2641 2641 2641
Cláusulas satisfeitas: 2641/3195 (82.7%)
Trail: 2431 2568 2568 2576 2597 2597 2604 2604 2604 2604 2604 2606 2609 2619 2623 2628 2628 2628 2628 2629
Cláusulas satisfeitas: 2629/3195 (82.3%)
Trail: 2444 2590 2616 2616 2616 2616 2616 2618 2661 2661 2661 2661 2661 2661 2661 2661 2661 2661 2661 2661
Cláusulas satisfeitas: 2661/3195 (83.3%)
Trail: 2432 2588 2588 2588 2589 2592 2599 2614 2614 2614 2614 2614 2615 2615 2615 2642 2655 2655 2655 2655
Cláusulas satisfeitas: 2655/3195 (83.1%)
Trail: 2437 2576 2576 2576 2576 2576 2581 2586 2586 2586 2586 2586 2596 2596 2611 2613 2634 2634 2634 2634
Cláusulas satisfeitas: 2634/3195 (82.4%)
Trail: 2433 2559 2582 2582 2588 2588 2588 2588 2588 2588 2588 2588 2594 2597 2610 2610 2610 2610 2610 2610
Cláusulas satisfeitas: 2610/3195 (81.7%)
Trail: 2448 2552 2572 2572 2596 2606 2610 2610 2610 2610 2610 2610 2610 2610 2610 2610 2610 2612 2612 2612
Cláusulas satisfeitas: 2612/3195 (81.8%)
Trail: 2451 2592 2592 2600 2610 2610 2610 2611 2611 2611 2611 2611 2611 2614 2614 2614 2614 2614 2614 2614
Cláusulas satisfeitas: 2614/3195 (81.8%)
Trail: 2435 2570 2583 2588 2588 2588 2588 2597 2615 2615 2615 2615 2615 2615 2615 2623 2627 2636 2636 2636
Cláusulas satisfeitas: 2636/3195 (82.5%)
Trail: 2438 2570 2570 2581 2591 2617 2617 2617 2617 2617 2617 2617 2629 2629 2645 2648 2648 2648 2648 2648
Cláusulas satisfeitas: 2648/3195 (82.9%)
Trail: 2457 2555 2571 2599 2599 2599 2599 2599 2599 2599 2600 2620 2620 2620 2620 2620 2621 2633 2633 2633
Cláusulas satisfeitas: 2633/3195 (82.4%)
Trail: 2436 2574 2601 2601 2607 2607 2607 2607 2607 2607 2607 2607 2608 2608 2611 2642 2642 2642 2642 2642
Cláusulas satisfeitas: 2642/3195 (82.7%)
Trail: 2432 2603 2609 2613 2618 2618 2618 2618 2618 2630 2658 2658 2658 2658 2658 2658 2658 2658 2658 2658
Cláusulas satisfeitas: 2658/3195 (83.2%)
Trail: 2452 2565 2565 2573 2579 2592 2592 2592 2630 2630 2630 2630 2630 2630 2630 2630 2630 2630 2630 2630
Cláusulas satisfeitas: 2630/3195 (82.3%)
Trail: 2464 2600 2600 2600 2600 2600 2624 2624 2624 2624 2624 2624 2626 2626 2626 2626 2626 2626 2626 2626
Cláusulas satisfeitas: 2626/3195 (82.2%)
Trail: 2460 2590 2590 2590 2590 2590 2590 2594 2624 2624 2624 2624 2633 2633 2633 2633 2633 2633 2644 2644
Cláusulas satisfeitas: 2644/3195 (82.8%)
Trail: 2452 2575 2586 2589 2605 2605 2605 2605 2627 2627 2627 2627 2627 2640 2640 2640 2642 2642 2642 2642
Cláusulas satisfeitas: 2642/3195 (82.7%)
Trail: 2429 2560 2578 2586 2612 2612 2612 2612 2612 2612 2612 2612 2612 2613 2629 2629 2629 2629 2629 2629
Cláusulas satisfeitas: 2629/3195 (82.3%)
Trail: 2438 2581 2581 2581 2581 2596 2596 2596 2596 2596 2596 2602 2602 2611 2614 2618 2641 2641 2641 2641
Cláusulas satisfeitas: 2641/3195 (82.7%)
Trail: 2463 2584 2584 2588 2597 2611 2629 2629 2637 2637 2638 2638 2638 2638 2638 2638 2638 2638 2638 2638
Cláusulas satisfeitas: 2638/3195 (82.6%)
Trail: 2449 2561 2584 2584 2584 2584 2586 2586 2586 2586 2603 2603 2603 2603 2603 2603 2630 2630 2630 2630
Cláusulas satisfeitas: 2630/3195 (82.3%)
Trail: 2442 2567 2567 2574 2575 2594 2596 2601 2601 2601 2630 2630 2630 2630 2630 2630 2630 2630 2630 2630
Cláusulas satisfeitas: 2630/3195 (82.3%)
Trail: 2445 2559 2559 2575 2575 2582 2600 2600 2600 2600 2600 2615 2633 2633 2633 2633 2633 2633 2633 2633
Cláusulas satisfeitas: 2633/3195 (82.4%)
Trail: 2450 2584 2584 2615 2615 2615 2615 2615 2615 2615 2615 2615 2615 2615 2615 2615 2615 2615 2615 2615
Cláusulas satisfeitas: 2615/3195 (81.8%)
Trail: 2438 2596 2596 2621 2621 2621 2621 2621 2621 2621 2621 2621 2621 2621 2625 2630 2630 2632 2632 2632
Cláusulas satisfeitas: 2632/3195 (82.4%)
Trail: 2437 2596 2596 2596 2596 2604 2608 2608 2608 2608 2618 2618 2623 2632 2632 2632 2632 2632 2632 2632
Cláusulas satisfeitas: 2632/3195 (82.4%)
Trail: 2431 2583 2583 2592 2603 2603 2603 2603 2615 2616 2638 2644 2644 2644 2644 2644 2644 2644 2644 2644
Cláusulas satisfeitas: 2644/3195 (82.8%)
Trail: 2447 2576 2586 2586 2586 2597 2601 2601 2601 2601 2606 2606 2607 2624 2629 2629 2629 2629 2629 2629
Cláusulas satisfeitas: 2629/3195 (82.3%)
Trail: 2442 2595 2595 2606 2606 2606 2606 2606 2606 2606 2606 2606 2606 2606 2606 2606 2606 2606 2608 2628
Cláusulas satisfeitas: 2628/3195 (82.3%)
Trail: 2437 2590 2590 2590 2590 2600 2600 2638 2638 2638 2638 2638 2638 2638 2638 2638 2638 2638 2638 2638
Cláusulas satisfeitas: 2638/3195 (82.6%)
-- Abordagem: --chaos 0.2
Trail: 2445 2445 2452 2463 2463 2463 2463 2463 2463 2463 2463 2463 2463 2463 2463 2463 2463 2463 2463 2463
Cláusulas satisfeitas: 2463/3195 (77.1%)
Trail: 2454 2454 2454 2454 2454 2454 2454 2454 2454 2454 2454 2454 2454 2454 2454 2454 2454 2454 2454 2454
Cláusulas satisfeitas: 2473/3195 (77.4%)
Trail: 2464 2464 2464 2464 2464 2464 2464 2464 2464 2464 2464 2464 2464 2464 2464 2464 2464 2464 2464 2464
Cláusulas satisfeitas: 2467/3195 (77.2%)
Trail: 2436 2436 2437 2450 2450 2450 2450 2450 2450 2465 2465 2465 2465 2465 2465 2477 2477 2484 2486 2486
Cláusulas satisfeitas: 2486/3195 (77.8%)
Trail: 2446 2446 2446 2446 2446 2449 2449 2449 2453 2464 2464 2464 2475 2475 2475 2475 2475 2475 2475 2475
Cláusulas satisfeitas: 2478/3195 (77.6%)
Trail: 2431 2433 2442 2442 2459 2459 2459 2459 2462 2462 2462 2462 2462 2462 2462 2464 2464 2464 2464 2464
Cláusulas satisfeitas: 2474/3195 (77.4%)
Trail: 2449 2455 2455 2455 2455 2455 2455 2455 2455 2455 2455 2455 2455 2455 2455 2455 2455 2455 2455 2455
Cláusulas satisfeitas: 2469/3195 (77.3%)
Trail: 2448 2452 2452 2452 2452 2466 2466 2466 2466 2466 2466 2466 2466 2466 2466 2466 2466 2466 2466 2466
Cláusulas satisfeitas: 2466/3195 (77.2%)
Trail: 2469 2469 2469 2469 2469 2469 2469 2469 2469 2469 2469 2469 2469 2469 2469 2469 2469 2469 2469 2469
Cláusulas satisfeitas: 2469/3195 (77.3%)
Trail: 2444 2444 2461 2461 2461 2461 2462 2462 2462 2462 2462 2462 2462 2462 2462 2462 2462 2462 2462 2462
Cláusulas satisfeitas: 2462/3195 (77.1%)
Trail: 2451 2451 2451 2451 2451 2451 2451 2451 2451 2451 2451 2451 2451 2451 2451 2451 2451 2451 2451 2451
Cláusulas satisfeitas: 2477/3195 (77.5%)
Trail: 2437 2437 2437 2439 2444 2454 2466 2466 2466 2466 2466 2466 2466 2466 2466 2466 2466 2466 2466 2466
Cláusulas satisfeitas: 2482/3195 (77.7%)
Trail: 2438 2438 2438 2438 2438 2442 2442 2449 2449 2449 2453 2463 2463 2463 2463 2463 2463 2465 2465 2465
Cláusulas satisfeitas: 2471/3195 (77.3%)
Trail: 2438 2444 2451 2454 2456 2456 2456 2456 2464 2464 2464 2464 2464 2464 2464 2464 2464 2464 2464 2464
Cláusulas satisfeitas: 2471/3195 (77.3%)
Trail: 2438 2438 2443 2443 2444 2444 2449 2449 2449 2449 2449 2449 2449 2449 2449 2468 2468 2468 2468 2468
Cláusulas satisfeitas: 2475/3195 (77.5%)
Trail: 2449 2453 2453 2453 2453 2453 2453 2453 2453 2453 2453 2453 2453 2453 2453 2453 2453 2455 2455 2455
Cláusulas satisfeitas: 2467/3195 (77.2%)
Trail: 2449 2449 2449 2452 2452 2452 2452 2452 2452 2452 2452 2470 2470 2470 2470 2470 2470 2470 2470 2470
Cláusulas satisfeitas: 2470/3195 (77.3%)
Trail: 2437 2437 2437 2442 2452 2470 2470 2470 2470 2470 2470 2470 2470 2470 2470 2470 2470 2470 2470 2470
Cláusulas satisfeitas: 2474/3195 (77.4%)
Trail: 2439 2439 2442 2442 2448 2448 2455 2455 2455 2455 2455 2455 2455 2455 2455 2455 2455 2455 2455 2455
Cláusulas satisfeitas: 2464/3195 (77.1%)
Trail: 2448 2448 2448 2448 2463 2463 2463 2463 2463 2463 2463 2463 2463 2463 2463 2463 2463 2463 2463 2463
Cláusulas satisfeitas: 2469/3195 (77.3%)
Trail: 2448 2448 2448 2449 2449 2450 2450 2450 2450 2450 2450 2450 2450 2450 2458 2458 2458 2458 2458 2458
Cláusulas satisfeitas: 2474/3195 (77.4%)
Trail: 2432 2444 2444 2451 2458 2462 2462 2462 2462 2462 2462 2462 2462 2462 2462 2462 2462 2462 2462 2462
Cláusulas satisfeitas: 2475/3195 (77.5%)
Trail: 2431 2431 2431 2431 2436 2441 2441 2441 2441 2441 2441 2441 2441 2441 2453 2453 2453 2458 2458 2458
Cláusulas satisfeitas: 2466/3195 (77.2%)
Trail: 2467 2467 2467 2467 2467 2467 2467 2467 2467 2467 2467 2467 2467 2467 2467 2467 2467 2467 2467 2467
Cláusulas satisfeitas: 2474/3195 (77.4%)
Trail: 2474 2474 2474 2474 2474 2474 2474 2474 2474 2474 2474 2474 2474 2474 2474 2474 2474 2474 2474 2474
Cláusulas satisfeitas: 2477/3195 (77.5%)
Trail: 2449 2449 2449 2449 2449 2449 2449 2449 2456 2456 2456 2456 2456 2457 2457 2457 2457 2457 2457 2457
Cláusulas satisfeitas: 2463/3195 (77.1%)
Trail: 2449 2449 2449 2449 2449 2449 2449 2449 2449 2449 2449 2449 2449 2449 2449 2449 2449 2449 2449 2449
Cláusulas satisfeitas: 2457/3195 (76.9%)
Trail: 2434 2438 2448 2448 2448 2448 2448 2448 2448 2448 2448 2448 2448 2448 2448 2449 2449 2449 2449 2463
Cláusulas satisfeitas: 2469/3195 (77.3%)
Trail: 2448 2448 2448 2448 2448 2448 2448 2448 2448 2448 2448 2451 2452 2452 2452 2452 2452 2452 2452 2452
Cláusulas satisfeitas: 2482/3195 (77.7%)
Trail: 2434 2434 2439 2439 2439 2441 2441 2452 2452 2462 2462 2462 2462 2462 2462 2462 2462 2462 2462 2462
Cláusulas satisfeitas: 2467/3195 (77.2%)
-- Abordagem: --uniforme 0.2
Trail: 2459 2459 2459 2459 2459 2459 2459 2459 2459 2459 2459 2459 2459 2460 2463 2463 2463 2463 2467 2467
Cláusulas satisfeitas: 2469/3195 (77.3%)
Trail: 2442 2442 2444 2444 2444 2444 2444 2450 2450 2450 2450 2451 2451 2451 2451 2451 2451 2451 2451 2451
Cláusulas satisfeitas: 2461/3195 (77.0%)
Trail: 2454 2454 2454 2454 2454 2462 2462 2462 2462 2462 2462 2462 2462 2462 2462 2462 2462 2462 2462 2462
Cláusulas satisfeitas: 2465/3195 (77.2%)
Trail: 2439 2439 2439 2439 2439 2439 2439 2439 2439 2443 2443 2443 2443 2443 2449 2449 2449 2449 2449 2449
Cláusulas satisfeitas: 2484/3195 (77.7%)
Trail: 2430 2430 2430 2430 2432 2437 2440 2440 2448 2448 2448 2448 2448 2448 2448 2448 2448 2448 2448 2448
Cláusulas satisfeitas: 2462/3195 (77.1%)
Trail: 2429 2432 2432 2439 2440 2440 2440 2443 2444 2444 2451 2451 2451 2451 2451 2451 2451 2451 2451 2451
Cláusulas satisfeitas: 2461/3195 (77.0%)
Trail: 2444 2444 2444 2449 2449 2449 2461 2461 2461 2461 2461 2461 2461 2461 2461 2461 2461 2461 2461 2461
Cláusulas satisfeitas: 2461/3195 (77.0%)
Trail: 2449 2449 2454 2454 2461 2461 2461 2461 2461 2461 2461 2461 2461 2461 2461 2461 2461 2461 2461 2461
Cláusulas satisfeitas: 2475/3195 (77.5%)
Trail: 2450 2450 2450 2451 2451 2456 2456 2457 2457 2470 2470 2470 2470 2470 2470 2470 2470 2470 2470 2470
Cláusulas satisfeitas: 2488/3195 (77.9%)
Trail: 2460 2460 2460 2460 2460 2460 2460 2460 2460 2460 2460 2460 2460 2460 2460 2460 2460 2460 2460 2460
Cláusulas satisfeitas: 2487/3195 (77.8%)
Trail: 2454 2454 2454 2454 2454 2462 2462 2462 2462 2462 2462 2462 2462 2462 2462 2462 2462 2462 2462 2462
Cláusulas satisfeitas: 2462/3195 (77.1%)
Trail: 2431 2431 2431 2441 2448 2448 2448 2448 2448 2448 2448 2448 2452 2456 2456 2456 2457 2472 2472 2472
Cláusulas satisfeitas: 2475/3195 (77.5%)
Trail: 2432 2432 2443 2443 2446 2446 2449 2449 2449 2449 2449 2449 2449 2449 2449 2449 2449 2449 2450 2450
Cláusulas satisfeitas: 2501/3195 (78.3%)
Trail: 2443 2443 2443 2443 2443 2443 2443 2459 2459 2464 2464 2464 2464 2464 2464 2464 2464 2464 2464 2464
Cláusulas satisfeitas: 2474/3195 (77.4%)
Trail: 2461 2461 2461 2461 2461 2461 2461 2461 2461 2461 2461 2461 2461 2461 2461 2461 2461 2461 2461 2461
Cláusulas satisfeitas: 2464/3195 (77.1%)
Trail: 2453 2453 2453 2453 2453 2453 2453 2453 2453 2453 2453 2453 2453 2453 2453 2453 2458 2458 2458 2465
Cláusulas satisfeitas: 2465/3195 (77.2%)
Trail: 2476 2476 2476 2476 2476 2476 2476 2476 2476 2476 2476 2476 2476 2476 2476 2476 2476 2476 2476 2476
Cláusulas satisfeitas: 2476/3195 (77.5%)
Trail: 2476 2476 2476 2476 2476 2476 2476 2476 2476 2476 2476 2476 2476 2476 2476 2476 2476 2476 2476 2476
Cláusulas satisfeitas: 2476/3195 (77.5%)
Trail: 2445 2445 2445 2445 2445 2445 2445 2445 2445 2445 2445 2445 2460 2460 2460 2460 2460 2460 2460 2460
Cláusulas satisfeitas: 2460/3195 (77.0%)
Trail: 2440 2449 2449 2449 2449 2451 2451 2451 2451 2451 2463 2463 2463 2463 2468 2468 2468 2468 2468 2468
Cláusulas satisfeitas: 2472/3195 (77.4%)
Trail: 2468 2478 2478 2478 2478 2478 2478 2478 2478 2478 2478 2478 2478 2478 2478 2478 2478 2478 2478 2478
Cláusulas satisfeitas: 2478/3195 (77.6%)
Trail: 2432 2438 2439 2439 2439 2441 2447 2447 2447 2447 2448 2448 2448 2448 2448 2459 2459 2459 2459 2459
Cláusulas satisfeitas: 2464/3195 (77.1%)
Trail: 2447 2447 2447 2447 2447 2447 2447 2447 2447 2447 2447 2447 2447 2447 2447 2447 2447 2447 2451 2453
Cláusulas satisfeitas: 2482/3195 (77.7%)
Trail: 2433 2433 2433 2443 2443 2443 2443 2443 2452 2452 2452 2452 2452 2452 2452 2452 2452 2452 2452 2452
Cláusulas satisfeitas: 2452/3195 (76.7%)
Trail: 2452 2452 2452 2471 2471 2471 2471 2471 2471 2471 2471 2471 2471 2471 2471 2471 2471 2471 2471 2471
Cláusulas satisfeitas: 2499/3195 (78.2%)
Trail: 2435 2449 2449 2449 2449 2449 2449 2449 2449 2449 2452 2452 2452 2452 2452 2452 2452 2452 2452 2452
Cláusulas satisfeitas: 2480/3195 (77.6%)
Trail: 2451 2456 2456 2456 2459 2468 2468 2468 2468 2468 2468 2472 2472 2472 2472 2472 2472 2472 2472 2472
Cláusulas satisfeitas: 2479/3195 (77.6%)
Trail: 2456 2461 2461 2461 2461 2461 2461 2461 2461 2461 2461 2463 2463 2463 2467 2467 2467 2467 2467 2467
Cláusulas satisfeitas: 2467/3195 (77.2%)
Trail: 2471 2471 2471 2471 2471 2471 2471 2471 2471 2471 2471 2471 2471 2471 2471 2471 2471 2471 2471 2471
Cláusulas satisfeitas: 2471/3195 (77.3%)
Trail: 2441 2449 2449 2449 2449 2449 2449 2449 2449 2449 2449 2449 2449 2449 2449 2449 2449 2452 2452 2452
Cláusulas satisfeitas: 2463/3195 (77.1%)
