-- Abordagem: --chaos 0.2 --search reckless --steps 1
Trail: 3095 3209 3209 3253 3253 3260 3260 3260 3260 3260 3260 3271 3271 3271 3271 3271 3271 3280 3280 3280
Cláusulas satisfeitas: 3280/4047 (81.0%)
Trail: 3091 3240 3240 3240 3240 3252 3252 3252 3252 3252 3269 3269 3269 3269 3269 3269 3269 3269 3269 3269
Cláusulas satisfeitas: 3269/4047 (80.8%)
Trail: 3097 3226 3226 3226 3252 3252 3268 3281 3281 3281 3281 3281 3281 3281 3281 3281 3281 3281 3281 3281
Cláusulas satisfeitas: 3281/4047 (81.1%)
Trail: 3092 3173 3178 3216 3225 3228 3233 3242 3242 3259 3259 3259 3259 3259 3259 3259 3283 3283 3283 3283
Cláusulas satisfeitas: 3283/4047 (81.1%)
Trail: 3079 3186 3194 3201 3210 3224 3224 3225 3227 3227 3260 3260 3260 3260 3260 3260 3260 3260 3260 3262
Cláusulas satisfeitas: 3262/4047 (80.6%)
Trail: 3065 3151 3210 3210 3210 3212 3216 3216 3236 3236 3239 3250 3250 3250 3254 3254 3266 3266 3266 3266
Cláusulas satisfeitas: 3266/4047 (80.7%)
Trail: 3073 3238 3249 3249 3249 3249 3249 3262 3262 3262 3300 3300 3300 3300 3300 3300 3300 3300 3300 3300
Cláusulas satisfeitas: 3300/4047 (81.5%)
Trail: 3097 3197 3252 3252 3252 3252 3252 3252 3252 3261 3261 3261 3261 3261 3267 3267 3267 3267 3267 3267
Cláusulas satisfeitas: 3267/4047 (80.7%)
Trail: 3092 3169 3169 3179 3190 3204 3237 3237 3243 3254 3263 3263 3263 3263 3263 3263 3263 3263 3263 3263
Cláusulas satisfeitas: 3263/4047 (80.6%)
Trail: 3090 3164 3196 3212 3249 3249 3249 3249 3249 3251 3251 3251 3251 3251 3251 3251 3253 3253 3253 3253
Cláusulas satisfeitas: 3253/4047 (80.4%)
Trail: 3074 3175 3175 3179 3194 3217 3217 3223 3247 3247 3247 3248 3248 3279 3279 3279 3279 3279 3279 3279
Cláusulas satisfeitas: 3279/4047 (81.0%)
Trail: 3074 3200 3200 3206 3227 3264 3264 3264 3264 3264 3264 3264 3264 3264 3264 3264 3264 3266 3285 3285
Cláusulas satisfeitas: 3285/4047 (81.2%)
Trail: 3107 3302 3309 3312 3312 3312 3312 3312 3312 3312 3312 3312 3312 3312 3312 3312 3312 3312 3312 3312
Cláusulas satisfeitas: 3312/4047 (81.8%)
Trail: 3076 3180 3198 3243 3243 3243 3243 3243 3243 3258 3258 3258 3283 3283 3283 3283 3283 3283 3283 3283
Cláusulas satisfeitas: 3283/4047 (81.1%)
Trail: 3079 3206 3206 3206 3206 3206 3267 3267 3267 3267 3267 3267 3267 3267 3267 3267 3267 3267 3267 3276
Cláusulas satisfeitas: 3276/4047 (80.9%)
Trail: 3117 3172 3233 3233 3233 3233 3233 3233 3233 3258 3258 3258 3258 3258 3258 3258 3258 3258 3258 3269
Cláusulas satisfeitas: 3269/4047 (80.8%)
Trail: 3083 3262 3262 3262 3262 3262 3262 3262 3262 3262 3262 3262 3262 3262 3262 3262 3262 3262 3262 3262
Cláusulas satisfeitas: 3262/4047 (80.6%)
Trail: 3079 3193 3202 3202 3202 3202 3213 3221 3221 3230 3266 3273 3273 3278 3278 3278 3278 3278 3278 3278
Cláusulas satisfeitas: 3278/4047 (81.0%)
Trail: 3094 3198 3249 3249 3264 3269 3284 3284 3284 3312 3312 3312 3312 3312 3312 3312 3312 3312 3312 3312
Cláusulas satisfeitas: 3312/4047 (81.8%)
Trail: 3071 3239 3249 3249 3249 3257 3257 3257 3266 3266 3274 3285 3285 3285 3285 3285 3285 3285 3285 3285
Cláusulas satisfeitas: 3285/4047 (81.2%)
Trail: 3098 3166 3211 3257 3257 3257 3257 3266 3270 3281 3281 3281 3281 3281 3281 3281 3281 3281 3281 3281
Cláusulas satisfeitas: 3281/4047 (81.1%)
Trail: 3070 3175 3200 3214 3234 3234 3236 3236 3236 3242 3252 3260 3260 3264 3264 3264 3264 3264 3264 3264
Cláusulas satisfeitas: 3264/4047 (80.7%)
Trail: 3102 3216 3227 3227 3238 3244 3251 3251 3251 3251 3254 3282 3286 3286 3286 3286 3286 3286 3286 3286
Cláusulas satisfeitas: 3286/4047 (81.2%)
Trail: 3073 3176 3180 3198 3205 3205 3229 3229 3251 3263 3266 3297 3297 3297 3297 3297 3297 3297 3297 3297
Cláusulas satisfeitas: 3297/4047 (81.5%)
Trail: 3090 3213 3213 3233 3240 3261 3261 3261 3261 3261 3261 3261 3269 3269 3269 3269 3269 3269 3269 3269
Cláusulas satisfeitas: 3269/4047 (80.8%)
Trail: 3104 3190 3205 3205 3206 3239 3239 3254 3254 3254 3254 3254 3254 3254 3254 3254 3254 3254 3254 3254
Cláusulas satisfeitas: 3254/4047 (80.4%)
Trail: 3095 3208 3208 3208 3208 3208 3240 3240 3240 3240 3240 3247 3270 3270 3270 3270 3270 3270 3270 3270
Cláusulas satisfeitas: 3270/4047 (80.8%)
Trail: 3107 3220 3220 3248 3248 3271 3271 3271 3280 3280 3280 3280 3280 3280 3280 3280 3280 3280 3280 3280
Cláusulas satisfeitas: 3280/4047 (81.0%)
Trail: 3101 3171 3185 3189 3230 3230 3248 3249 3249 3255 3255 3255 3255 3255 3255 3268 3268 3268 3268 3268
Cláusulas satisfeitas: 3268/4047 (80.8%)
Trail: 3090 3197 3197 3226 3226 3226 3228 3228 3233 3233 3255 3255 3255 3297 3297 3297 3297 3297 3297 3297
Cláusulas satisfeitas: 3297/4047 (81.5%)
-- Abordagem: --chaos 0.2
Trail: 3091 3091 3091 3091 3091 3091 3091 3091 3091 3097 3097 3097 3097 3097 3097 3097 3097 3097 3097 3097
Cláusulas satisfeitas: 3098/4047 (76.6%)
Trail: 3123 3123 3123 3123 3123 3123 3123 3123 3123 3123 3123 3123 3123 3123 3123 3123 3123 3123 3123 3123
Cláusulas satisfeitas: 3123/4047 (77.2%)
Trail: 3104 3104 3104 3104 3104 3104 3104 3104 3104 3104 3104 3104 3104 3104 3104 3104 3104 3104 3104 3104
Cláusulas satisfeitas: 3112/4047 (76.9%)
Trail: 3079 3079 3083 3085 3085 3087 3087 3087 3096 3096 3096 3099 3099 3099 3099 3099 3099 3099 3099 3099
Cláusulas satisfeitas: 3109/4047 (76.8%)
Trail: 3096 3096 3096 3102 3102 3102 3102 3102 3102 3102 3102 3102 3102 3102 3102 3102 3102 3102 3102 3102
Cláusulas satisfeitas: 3102/4047 (76.6%)
Trail: 3104 3104 3104 3104 3104 3104 3104 3104 3107 3107 3107 3107 3107 3107 3107 3107 3107 3107 3107 3107
Cláusulas satisfeitas: 3118/4047 (77.0%)
Trail: 3092 3103 3103 3103 3103 3103 3104 3104 3104 3104 3118 3118 3118 3118 3118 3118 3118 3118 3118 3118
Cláusulas satisfeitas: 3118/4047 (77.0%)
Trail: 3061 3067 3069 3074 3076 3076 3079 3102 3102 3102 3102 3102 3102 3102 3102 3102 3102 3102 3102 3102
Cláusulas satisfeitas: 3102/4047 (76.6%)
Trail: 3094 3094 3094 3094 3094 3094 3094 3094 3094 3094 3108 3108 3108 3108 3108 3108 3108 3108 3108 3108
Cláusulas satisfeitas: 3110/4047 (76.8%)
Trail: 3095 3095 3095 3095 3095 3095 3107 3107 3107 3107 3118 3118 3118 3118 3118 3118 3118 3118 3118 3118
Cláusulas satisfeitas: 3131/4047 (77.4%)
Trail: 3101 3101 3101 3101 3101 3101 3101 3101 3101 3101 3113 3113 3113 3113 3113 3114 3114 3117 3117 3117
Cláusulas satisfeitas: 3120/4047 (77.1%)
Trail: 3063 3063 3065 3070 3070 3070 3070 3070 3070 3071 3074 3087 3087 3106 3106 3106 3106 3106 3106 3106
Cláusulas satisfeitas: 3112/4047 (76.9%)
Trail: 3103 3103 3103 3103 3103 3103 3103 3115 3115 3115 3115 3115 3115 3115 3115 3115 3115 3115 3115 3115
Cláusulas satisfeitas: 3115/4047 (77.0%)
Trail: 3121 3121 3121 3121 3121 3121 3121 3128 3131 3131 3132 3132 3132 3132 3132 3132 3132 3132 3132 3132
Cláusulas satisfeitas: 3132/4047 (77.4%)
Trail: 3103 3118 3118 3118 3118 3118 3118 3118 3118 3118 3118 3118 3118 3118 3118 3118 3118 3118 3118 3118
Cláusulas satisfeitas: 3138/4047 (77.5%)
Trail: 3093 3093 3093 3093 3093 3093 3093 3100 3100 3100 3100 3100 3108 3108 3108 3108 3108 3108 3108 3108
Cláusulas satisfeitas: 3109/4047 (76.8%)
Trail: 3070 3070 3079 3081 3085 3087 3087 3087 3087 3087 3087 3091 3091 3091 3091 3091 3103 3103 3103 3108
Cláusulas satisfeitas: 3110/4047 (76.8%)
Trail: 3080 3092 3092 3092 3099 3099 3099 3099 3099 3099 3099 3099 3099 3099 3099 3099 3099 3099 3109 3109
Cláusulas satisfeitas: 3134/4047 (77.4%)
Trail: 3080 3080 3080 3081 3081 3085 3090 3090 3090 3090 3090 3097 3097 3097 3097 3097 3097 3097 3097 3097
Cláusulas satisfeitas: 3101/4047 (76.6%)
Trail: 3082 3085 3107 3107 3117 3117 3117 3117 3117 3117 3117 3117 3117 3117 3117 3117 3117 3117 3117 3117
Cláusulas satisfeitas: 3122/4047 (77.1%)
Trail: 3100 3100 3100 3113 3113 3113 3113 3113 3113 3113 3113 3113 3113 3113 3120 3120 3120 3120 3120 3120
Cláusulas satisfeitas: 3126/4047 (77.2%)
Trail: 3092 3092 3092 3092 3092 3092 3092 3095 3095 3099 3099 3103 3103 3105 3105 3105 3105 3105 3105 3105
Cláusulas satisfeitas: 3115/4047 (77.0%)
Trail: 3078 3096 3096 3096 3103 3103 3110 3110 3110 3110 3110 3110 3110 3110 3110 3110 3110 3110 3110 3110
Cláusulas satisfeitas: 3122/4047 (77.1%)
Trail: 3084 3084 3084 3084 3094 3094 3096 3096 3096 3096 3098 3098 3101 3101 3101 3101 3101 3101 3101 3101
Cláusulas satisfeitas: 3108/4047 (76.8%)
Trail: 3087 3087 3087 3087 3087 3087 3091 3091 3091 3091 3105 3105 3105 3105 3105 3105 3105 3105 3105 3105
Cláusulas satisfeitas: 3124/4047 (77.2%)
Trail: 3083 3084 3089 3089 3122 3122 3122 3122 3122 3122 3122 3122 3122 3122 3122 3122 3123 3123 3123 3123
Cláusulas satisfeitas: 3136/4047 (77.5%)
Trail: 3088 3088 3088 3088 3088 3088 3088 3088 3088 3092 3092 3092 3092 3092 3092 3092 3092 3092 3092 3092
Cláusulas satisfeitas: 3105/4047 (76.7%)
Trail: 3086 3086 3086 3086 3086 3094 3094 3094 3094 3094 3094 3094 3094 3094 3105 3105 3105 3105 3105 3105
Cláusulas satisfeitas: 3117/4047 (77.0%)
Trail: 3102 3102 3102 3102 3102 3102 3102 3102 3102 3102 3102 3102 3102 3102 3102 3102 3102 3102 3102 3102
Cláusulas satisfeitas: 3102/4047 (76.6%)
Trail: 3100 3100 3100 3100 3100 3100 3114 3114 3114 3114 3114 3114 3114 3114 3114 3114 3114 3118 3118 3118
Cláusulas satisfeitas: 3118/4047 (77.0%)
-- Abordagem: --uniforme 0.2
Trail: 3122 3122 3122 3122 3122 3122 3122 3122 3122 3122 3122 3122 3122 3122 3122 3122 3122 3122 3122 3122
Cláusulas satisfeitas: 3125/4047 (77.2%)
Trail: 3087 3087 3087 3087 3087 3087 3087 3087 3094 3094 3094 3094 3096 3096 3108 3108 3108 3108 3108 3108
Cláusulas satisfeitas: 3108/4047 (76.8%)
Trail: 3092 3092 3092 3092 3092 3092 3092 3092 3092 3092 3092 3092 3095 3097 3097 3100 3100 3101 3105 3105
Cláusulas satisfeitas: 3107/4047 (76.8%)
Trail: 3072 3072 3089 3089 3089 3090 3090 3090 3090 3090 3090 3090 3095 3095 3095 3101 3101 3101 3101 3101
Cláusulas satisfeitas: 3101/4047 (76.6%)
Trail: 3083 3084 3103 3103 3103 3103 3103 3112 3112 3112 3112 3112 3112 3112 3112 3112 3112 3112 3112 3112
Cláusulas satisfeitas: 3126/4047 (77.2%)
Trail: 3083 3083 3083 3083 3083 3085 3085 3085 3089 3089 3089 3089 3089 3104 3117 3117 3117 3117 3117 3117
Cláusulas satisfeitas: 3138/4047 (77.5%)
Trail: 3100 3100 3100 3112 3112 3112 3112 3112 3115 3115 3115 3115 3115 3115 3115 3115 3115 3115 3115 3115
Cláusulas satisfeitas: 3115/4047 (77.0%)
Trail: 3087 3087 3099 3099 3099 3099 3099 3099 3099 3113 3113 3113 3113 3113 3113 3113 3113 3113 3113 3113
Cláusulas satisfeitas: 3113/4047 (76.9%)
Trail: 3087 3093 3093 3093 3093 3095 3114 3114 3114 3114 3114 3114 3114 3114 3114 3114 3114 3114 3114 3114
Cláusulas satisfeitas: 3114/4047 (76.9%)
Trail: 3088 3097 3097 3097 3097 3097 3097 3097 3097 3097 3097 3097 3097 3097 3097 3119 3119 3119 3119 3119
Cláusulas satisfeitas: 3119/4047 (77.1%)
Trail: 3093 3093 3097 3106 3106 3106 3106 3106 3106 3106 3106 3106 3106 3106 3106 3106 3106 3106 3106 3106
Cláusulas satisfeitas: 3122/4047 (77.1%)
Trail: 3092 3092 3092 3092 3092 3111 3111 3111 3111 3111 3111 3111 3111 3111 3111 3117 3117 3117 3117 3117
Cláusulas satisfeitas: 3117/4047 (77.0%)
Trail: 3081 3081 3081 3081 3081 3081 3081 3082 3087 3094 3094 3094 3105 3105 3105 3105 3105 3105 3105 3105
Cláusulas satisfeitas: 3125/4047 (77.2%)
Trail: 3091 3096 3111 3111 3111 3111 3111 3111 3111 3111 3111 3111 3111 3111 3111 3111 3111 3111 3111 3111
Cláusulas satisfeitas: 3118/4047 (77.0%)
Trail: 3064 3085 3085 3085 3088 3088 3088 3093 3093 3095 3099 3099 3099 3099 3099 3099 3099 3099 3099 3099
Cláusulas satisfeitas: 3130/4047 (77.3%)
Trail: 3118 3118 3118 3118 3118 3118 3118 3118 3118 3118 3118 3118 3118 3118 3118 3118 3118 3118 3118 3118
Cláusulas satisfeitas: 3121/4047 (77.1%)
Trail: 3095 3095 3095 3095 3095 3096 3096 3104 3104 3104 3104 3104 3104 3104 3104 3104 3104 3104 3104 3104
Cláusulas satisfeitas: 3104/4047 (76.7%)
Trail: 3097 3097 3097 3097 3097 3097 3097 3097 3097 3097 3097 3097 3097 3097 3097 3097 3097 3097 3097 3097
Cláusulas satisfeitas: 3120/4047 (77.1%)
Trail: 3079 3079 3084 3087 3087 3087 3087 3103 3103 3103 3103 3103 3103 3103 3103 3103 3108 3108 3108 3108
Cláusulas satisfeitas: 3109/4047 (76.8%)
Trail: 3097 3097 3097 3097 3097 3097 3097 3108 3108 3108 3108 3108 3108 3108 3108 3108 3108 3108 3108 3108
Cláusulas satisfeitas: 3131/4047 (77.4%)
Trail: 3081 3081 3089 3089 3089 3089 3093 3093 3093 3093 3095 3095 3095 3095 3095 3095 3095 3095 3095 3095
Cláusulas satisfeitas: 3104/4047 (76.7%)
Trail: 3112 3112 3112 3112 3112 3112 3112 3112 3112 3112 3112 3112 3112 3112 3112 3112 3112 3112 3112 3112
Cláusulas satisfeitas: 3112/4047 (76.9%)
Trail: 3120 3120 3120 3120 3120 3120 3120 3120 3120 3120 3120 3120 3120 3120 3120 3120 3120 3120 3120 3120
Cláusulas satisfeitas: 3130/4047 (77.3%)
Trail: 3085 3088 3106 3106 3106 3106 3106 3106 3106 3121 3121 3121 3121 3121 3121 3121 3121 3121 3121 3121
Cláusulas satisfeitas: 3121/4047 (77.1%)
Trail: 3074 3078 3091 3094 3104 3104 3104 3104 3104 3104 3108 3108 3108 3114 3119 3119 3119 3119 3119 3119
Cláusulas satisfeitas: 3119/4047 (77.1%)
Trail: 3087 3087 3087 3087 3087 3087 3087 3087 3087 3093 3101 3101 3101 3101 3110 3110 3110 3110 3110 3110
Cláusulas satisfeitas: 3114/4047 (76.9%)
Trail: 3075 3083 3093 3093 3093 3093 3099 3101 3101 3101 3108 3108 3108 3108 3108 3108 3108 3108 3108 3108
Cláusulas satisfeitas: 3110/4047 (76.8%)
Trail: 3099 3099 3099 3099 3099 3099 3099 3099 3099 3115 3115 3115 3115 3115 3115 3115 3115 3115 3115 3115
Cláusulas satisfeitas: 3115/4047 (77.0%)
Trail: 3115 3115 3115 3115 3115 3115 3115 3115 3115 3118 3118 3118 3118 3118 3118 3118 3118 3118 3118 3118
Cláusulas satisfeitas: 3126/4047 (77.2%)
Trail: 3091 3091 3096 3104 3104 3104 3111 3111 3111 3111 3111 3111 3111 3111 3111 3111 3111 3111 3111 3111
Cláusulas satisfeitas: 3115/4047 (77.0%)
