-- Abordagem: --chaos 0.2 --search reckless --steps 1
Trail: 1780 1883 1883 1894 1894 1894 1894 1900 1902 1902 1938 1938 1938 1938 1938 1938 1938 1938 1938 1938
Cláusulas satisfeitas: 1938/2343 (82.7%)
Trail: 1795 1891 1901 1921 1930 1930 1930 1930 1930 1940 1940 1940 1961 1961 1961 1961 1961 1961 1961 1961
Cláusulas satisfeitas: 1961/2343 (83.7%)
Trail: 1790 1888 1916 1916 1932 1932 1932 1932 1932 1932 1932 1932 1932 1932 1932 1934 1943 1943 1943 1943
Cláusulas satisfeitas: 1943/2343 (82.9%)
Trail: 1811 1892 1896 1903 1926 1951 1952 1965 1965 1965 1965 1965 1965 1965 1965 1965 1965 1965 1965 1965
Cláusulas satisfeitas: 1965/2343 (83.9%)
Trail: 1800 1889 1889 1906 1921 1921 1921 1926 1938 1938 1938 1938 1938 1938 1938 1938 1938 1938 1938 1938
Cláusulas satisfeitas: 1938/2343 (82.7%)
Trail: 1793 1906 1906 1906 1906 1906 1906 1918 1918 1918 1925 1925 1925 1925 1943 1943 1943 1943 1943 1943
Cláusulas satisfeitas: 1943/2343 (82.9%)
Trail: 1790 1904 1904 1904 1904 1928 1928 1934 1934 1934 1934 1934 1935 1937 1949 1949 1949 1949 1949 1949
Cláusulas satisfeitas: 1949/2343 (83.2%)
Trail: 1802 1895 1914 1914 1923 1923 1923 1930 1930 1930 1930 1945 1960 1960 1960 1960 1968 1968 1968 1968
Cláusulas satisfeitas: 1968/2343 (84.0%)
Trail: 1794 1933 1933 1933 1933 1933 1935 1954 1965 1965 1965 1965 1965 1965 1965 1965 1965 1965 1965 1973
Cláusulas satisfeitas: 1973/2343 (84.2%)
Trail: 1806 1906 1906 1906 1906 1939 1939 1939 1939 1939 1939 1939 1939 1939 1939 1939 1939 1939 1939 1939
Cláusulas satisfeitas: 1939/2343 (82.8%)
Trail: 1810 1897 1927 1927 1927 1927 1931 1960 1960 1960 1960 1960 1960 1960 1960 1960 1960 1960 1960 1960
Cláusulas satisfeitas: 1960/2343 (83.7%)
Trail: 1805 1941 1941 1941 1941 1941 1941 1941 1941 1941 1941 1941 1941 1941 1941 1941 1941 1941 1941 1941
Cláusulas satisfeitas: 1941/2343 (82.8%)
Trail: 1784 1877 1908 1909 1914 1922 1922 1922 1922 1922 1922 1923 1944 1944 1944 1944 1944 1944 1944 1946
Cláusulas satisfeitas: 1946/2343 (83.1%)
Trail: 1808 1881 1881 1893 1893 1893 1893 1893 1902 1911 1911 1911 1911 1914 1931 1932 1939 1945 1945 1945
Cláusulas satisfeitas: 1945/2343 (83.0%)
Trail: 1795 1935 1935 1935 1935 1935 1935 1935 1935 1935 1935 1935 1935 1935 1935 1935 1943 1943 1967 1972
Cláusulas satisfeitas: 1972/2343 (84.2%)
Trail: 1794 1877 1890 1896 1896 1896 1908 1950 1950 1950 1950 1957 1957 1957 1957 1969 1969 1969 1969 1969
Cláusulas satisfeitas: 1969/2343 (84.0%)
Trail: 1796 1877 1891 1894 1919 1919 1919 1919 1919 1939 1939 1939 1939 1942 1942 1942 1942 1942 1942 1942
Cláusulas satisfeitas: 1942/2343 (82.9%)
Trail: 1810 1923 1923 1923 1923 1943 1963 1963 1963 1963 1963 1963 1963 1963 1963 1963 1963 1963 1963 1963
Cláusulas satisfeitas: 1963/2343 (83.8%)
Trail: 1792 1885 1903 1903 1903 1903 1912 1924 1927 1957 1974 1974 1974 1974 1974 1974 1974 1974 1974 1974
Cláusulas satisfeitas: 1974/2343 (84.3%)
Trail: 1786 1891 1906 1918 1971 1971 1971 1971 1971 1971 1971 1971 1971 1971 1971 1971 1971 1971 1971 1971
Cláusulas satisfeitas: 1971/2343 (84.1%)
Trail: 1808 1917 1944 1944 1944 1944 1944 1944 1944 1944 1944 1944 1944 1944 1944 1947 1947 1947 1947 1947
Cláusulas satisfeitas: 1947/2343 (83.1%)
Trail: 1814 1911 1911 1911 1911 1911 1917 1939 1939 1939 1939 1939 1939 1939 1939 1939 1939 1939 1971 1971
Cláusulas satisfeitas: 1971/2343 (84.1%)
Trail: 1804 1915 1939 1939 1939 1939 1939 1939 1939 1939 1939 1948 1948 1948 1948 1948 1948 1948 1948 1948
Cláusulas satisfeitas: 1948/2343 (83.1%)
Trail: 1794 1891 1891 1891 1950 1950 1950 1950 1950 1950 1950 1950 1950 1950 1950 1950 1950 1950 1957 1957
Cláusulas satisfeitas: 1957/2343 (83.5%)
Trail: 1797 1912 1912 1912 1912 1912 1912 1916 1926 1926 1926 1926 1926 1936 1950 1950 1950 1950 1950 1950
Cláusulas satisfeitas: 1950/2343 (83.2%)
Trail: 1815 1888 1907 1907 1907 1907 1909 1909 1909 1909 1930 1930 1930 1930 1930 1938 1938 1938 1938 1938
Cláusulas satisfeitas: 1938/2343 (82.7%)
Trail: 1798 1910 1910 1921 1921 1935 1953 1953 1953 1953 1953 1953 1953 1953 1953 1953 1962 1962 1962 1962
Cláusulas satisfeitas: 1962/2343 (83.7%)
Trail: 1799 1876 1916 1916 1916 1923 1923 1923 1923 1923 1923 1926 1931 1931 1932 1932 1954 1957 1957 1957
Cláusulas satisfeitas: 1957/2343 (83.5%)
Trail: 1803 1936 1939 1939 1939 1939 1939 1939 1939 1939 1939 1948 1948 1948 1948 1948 1948 1948 1948 1948
Cláusulas satisfeitas: 1948/2343 (83.1%)
Trail: 1799 1878 1929 1937 1937 1937 1937 1937 1937 1937 1937 1937 1937 1937 1937 1943 1943 1943 1944 1944
Cláusulas satisfeitas: 1944/2343 (83.0%)
-- Abordagem: --chaos 0.2
Trail: 1797 1797 1797 1797 1797 1797 1797 1797 1797 1797 1802 1805 1805 1805 1805 1805 1805 1805 1805 1819
Cláusulas satisfeitas: 1821/2343 (77.7%)
Trail: 1798 1798 1798 1798 1798 1798 1798 1798 1798 1798 1798 1798 1798 1798 1798 1798 1798 1798 1798 1798
Cláusulas satisfeitas: 1798/2343 (76.7%)
Trail: 1790 1796 1796 1800 1800 1800 1800 1803 1803 1803 1803 1803 1803 1803 1803 1803 1803 1803 1803 1803
Cláusulas satisfeitas: 1825/2343 (77.9%)
Trail: 1797 1797 1797 1797 1797 1797 1797 1797 1797 1797 1797 1797 1808 1808 1808 1808 1808 1808 1808 1808
Cláusulas satisfeitas: 1813/2343 (77.4%)
Trail: 1801 1801 1801 1801 1803 1817 1817 1817 1817 1817 1817 1817 1817 1817 1819 1819 1819 1819 1819 1819
Cláusulas satisfeitas: 1819/2343 (77.6%)
Trail: 1796 1796 1796 1797 1798 1800 1804 1804 1810 1810 1810 1810 1810 1810 1810 1810 1810 1810 1810 1810
Cláusulas satisfeitas: 1810/2343 (77.3%)
Trail: 1791 1791 1791 1791 1791 1791 1791 1791 1791 1800 1800 1800 1800 1800 1806 1806 1806 1806 1806 1806
Cláusulas satisfeitas: 1806/2343 (77.1%)
Trail: 1813 1813 1813 1813 1813 1813 1813 1813 1813 1815 1815 1815 1815 1815 1815 1815 1815 1815 1815 1815
Cláusulas satisfeitas: 1815/2343 (77.5%)
Trail: 1793 1795 1795 1795 1797 1797 1797 1797 1797 1797 1797 1797 1797 1797 1797 1797 1803 1803 1803 1803
Cláusulas satisfeitas: 1818/2343 (77.6%)
Trail: 1804 1812 1812 1812 1812 1812 1814 1814 1814 1814 1814 1814 1814 1814 1814 1814 1814 1814 1814 1814
Cláusulas satisfeitas: 1814/2343 (77.4%)
Trail: 1789 1790 1790 1790 1790 1790 1807 1807 1807 1807 1807 1807 1807 1812 1812 1812 1812 1812 1812 1812
Cláusulas satisfeitas: 1813/2343 (77.4%)
Trail: 1787 1788 1790 1790 1793 1803 1803 1803 1803 1807 1807 1807 1807 1807 1807 1813 1813 1813 1813 1813
Cláusulas satisfeitas: 1813/2343 (77.4%)
Trail: 1804 1804 1804 1804 1804 1804 1804 1811 1814 1816 1816 1816 1816 1816 1816 1816 1816 1816 1816 1816
Cláusulas satisfeitas: 1816/2343 (77.5%)
Trail: 1798 1806 1806 1806 1806 1806 1806 1806 1806 1806 1817 1817 1817 1817 1817 1817 1817 1817 1817 1817
Cláusulas satisfeitas: 1817/2343 (77.6%)
Trail: 1811 1811 1811 1811 1811 1811 1811 1811 1811 1811 1811 1811 1811 1811 1811 1811 1811 1811 1811 1811
Cláusulas satisfeitas: 1813/2343 (77.4%)
Trail: 1806 1806 1806 1806 1806 1806 1806 1806 1806 1806 1806 1806 1806 1806 1806 1806 1806 1806 1806 1806
Cláusulas satisfeitas: 1830/2343 (78.1%)
Trail: 1793 1793 1793 1802 1802 1802 1802 1802 1806 1808 1808 1808 1822 1822 1822 1822 1822 1822 1822 1822
Cláusulas satisfeitas: 1822/2343 (77.8%)
Trail: 1785 1798 1798 1798 1798 1798 1798 1798 1798 1798 1798 1798 1798 1799 1803 1803 1803 1803 1803 1803
Cláusulas satisfeitas: 1810/2343 (77.3%)
Trail: 1792 1795 1795 1797 1797 1797 1797 1801 1801 1811 1814 1814 1814 1814 1814 1814 1815 1815 1818 1818
Cláusulas satisfeitas: 1819/2343 (77.6%)
Trail: 1814 1814 1814 1814 1814 1814 1814 1814 1814 1814 1814 1814 1814 1814 1814 1814 1814 1814 1814 1814
Cláusulas satisfeitas: 1815/2343 (77.5%)
Trail: 1806 1806 1806 1806 1806 1806 1806 1806 1806 1806 1806 1806 1806 1806 1806 1806 1806 1806 1806 1806
Cláusulas satisfeitas: 1819/2343 (77.6%)
Trail: 1794 1794 1794 1794 1794 1794 1794 1803 1803 1803 1803 1803 1803 1803 1803 1803 1803 1803 1803 1804
Cláusulas satisfeitas: 1808/2343 (77.2%)
Trail: 1794 1802 1802 1802 1802 1802 1802 1803 1803 1803 1807 1807 1807 1807 1807 1821 1821 1821 1821 1821
Cláusulas satisfeitas: 1821/2343 (77.7%)
Trail: 1793 1793 1793 1793 1796 1801 1801 1801 1801 1801 1801 1801 1801 1801 1801 1801 1801 1803 1806 1806
Cláusulas satisfeitas: 1806/2343 (77.1%)
Trail: 1803 1803 1803 1803 1803 1803 1803 1803 1803 1803 1803 1803 1803 1803 1803 1805 1805 1807 1807 1807
Cláusulas satisfeitas: 1825/2343 (77.9%)
Trail: 1801 1801 1801 1801 1806 1806 1806 1806 1806 1809 1811 1811 1811 1816 1816 1816 1816 1816 1816 1816
Cláusulas satisfeitas: 1819/2343 (77.6%)
Trail: 1804 1804 1804 1807 1807 1807 1807 1807 1807 1807 1807 1807 1807 1807 1807 1807 1807 1807 1807 1807
Cláusulas satisfeitas: 1807/2343 (77.1%)
Trail: 1819 1819 1819 1819 1819 1819 1819 1819 1820 1820 1820 1820 1820 1820 1820 1820 1820 1820 1820 1820
Cláusulas satisfeitas: 1821/2343 (77.7%)
Trail: 1799 1799 1799 1799 1799 1806 1806 1811 1811 1811 1811 1811 1811 1811 1811 1811 1811 1815 1816 1816
Cláusulas satisfeitas: 1821/2343 (77.7%)
Trail: 1796 1812 1812 1812 1812 1812 1812 1812 1812 1812 1812 1812 1812 1812 1812 1812 1812 1812 1812 1814
Cláusulas satisfeitas: 1819/2343 (77.6%)
-- Abordagem: --uniforme 0.2
Trail: 1826 1826 1826 1826 1826 1826 1826 1826 1826 1826 1826 1826 1826 1826 1826 1826 1826 1826 1826 1826
Cláusulas satisfeitas: 1826/2343 (77.9%)
Trail: 1798 1798 1798 1802 1802 1802 1802 1802 1802 1802 1823 1823 1823 1823 1823 1823 1823 1823 1823 1823
Cláusulas satisfeitas: 1823/2343 (77.8%)
Trail: 1810 1810 1810 1810 1810 1810 1810 1815 1815 1815 1815 1815 1815 1815 1815 1815 1815 1815 1815 1815
Cláusulas satisfeitas: 1822/2343 (77.8%)
Trail: 1809 1812 1812 1812 1812 1812 1812 1812 1812 1812 1812 1812 1812 1812 1812 1812 1812 1812 1812 1812
Cláusulas satisfeitas: 1819/2343 (77.6%)
Trail: 1794 1794 1797 1801 1801 1807 1807 1807 1807 1807 1807 1807 1807 1809 1809 1814 1814 1814 1814 1814
Cláusulas satisfeitas: 1814/2343 (77.4%)
Trail: 1791 1791 1791 1791 1791 1791 1791 1793 1793 1793 1793 1793 1793 1793 1795 1795 1795 1795 1795 1795
Cláusulas satisfeitas: 1795/2343 (76.6%)
Trail: 1803 1803 1803 1803 1803 1803 1803 1803 1803 1803 1803 1803 1803 1803 1803 1803 1803 1805 1823 1823
Cláusulas satisfeitas: 1823/2343 (77.8%)
Trail: 1817 1817 1817 1817 1817 1817 1817 1817 1817 1817 1817 1817 1817 1817 1817 1817 1817 1817 1817 1817
Cláusulas satisfeitas: 1830/2343 (78.1%)
Trail: 1802 1802 1802 1808 1808 1808 1808 1808 1808 1808 1808 1808 1808 1808 1808 1808 1808 1808 1808 1808
Cláusulas satisfeitas: 1808/2343 (77.2%)
Trail: 1793 1808 1808 1808 1808 1812 1812 1813 1813 1813 1813 1813 1813 1813 1813 1813 1813 1813 1813 1813
Cláusulas satisfeitas: 1813/2343 (77.4%)
Trail: 1804 1804 1804 1804 1804 1804 1805 1805 1805 1805 1805 1805 1810 1810 1810 1810 1810 1810 1810 1810
Cláusulas satisfeitas: 1810/2343 (77.3%)
Trail: 1795 1795 1797 1797 1811 1811 1811 1811 1811 1811 1811 1811 1811 1811 1811 1811 1811 1811 1811 1811
Cláusulas satisfeitas: 1818/2343 (77.6%)
Trail: 1798 1804 1804 1804 1804 1804 1804 1804 1809 1809 1809 1809 1809 1809 1809 1809 1809 1811 1811 1811
Cláusulas satisfeitas: 1825/2343 (77.9%)
Trail: 1793 1793 1793 1793 1793 1793 1793 1794 1794 1794 1794 1794 1794 1794 1794 1794 1794 1801 1802 1802
Cláusulas satisfeitas: 1802/2343 (76.9%)
Trail: 1796 1796 1796 1796 1796 1796 1810 1810 1810 1810 1810 1810 1810 1810 1810 1810 1810 1810 1810 1810
Cláusulas satisfeitas: 1819/2343 (77.6%)
Trail: 1792 1797 1797 1797 1803 1803 1803 1803 1803 1803 1803 1803 1803 1803 1803 1803 1803 1803 1803 1803
Cláusulas satisfeitas: 1803/2343 (77.0%)
Trail: 1797 1797 1797 1797 1797 1800 1800 1800 1800 1800 1800 1800 1800 1800 1818 1821 1821 1821 1821 1821
Cláusulas satisfeitas: 1821/2343 (77.7%)
Trail: 1801 1810 1810 1810 1810 1810 1810 1810 1810 1810 1810 1810 1810 1810 1810 1810 1817 1817 1817 1823
Cláusulas satisfeitas: 1828/2343 (78.0%)
Trail: 1800 1809 1809 1809 1809 1809 1809 1809 1809 1809 1809 1809 1809 1809 1809 1822 1822 1822 1822 1822
Cláusulas satisfeitas: 1823/2343 (77.8%)
Trail: 1801 1801 1801 1801 1801 1801 1801 1801 1801 1801 1801 1801 1801 1802 1802 1802 1802 1802 1802 1802
Cláusulas satisfeitas: 1802/2343 (76.9%)
Trail: 1813 1813 1813 1813 1813 1813 1813 1813 1813 1813 1813 1813 1813 1813 1813 1813 1813 1813 1813 1813
Cláusulas satisfeitas: 1830/2343 (78.1%)
Trail: 1800 1808 1808 1808 1808 1810 1810 1810 1811 1811 1811 1811 1811 1811 1811 1811 1811 1811 1811 1811
Cláusulas satisfeitas: 1811/2343 (77.3%)
Trail: 1787 1803 1803 1803 1803 1803 1803 1803 1803 1803 1803 1803 1805 1805 1805 1805 1805 1805 1805 1805
Cláusulas satisfeitas: 1827/2343 (78.0%)
Trail: 1799 1799 1806 1806 1806 1806 1806 1806 1806 1806 1806 1806 1807 1813 1813 1813 1813 1813 1813 1813
Cláusulas satisfeitas: 1821/2343 (77.7%)
Trail: 1802 1806 1806 1806 1806 1806 1817 1817 1817 1817 1817 1817 1817 1817 1817 1817 1817 1817 1817 1817
Cláusulas satisfeitas: 1817/2343 (77.6%)
Trail: 1830 1830 1830 1830 1830 1830 1830 1830 1830 1830 1830 1830 1830 1830 1830 1830 1830 1830 1830 1830
Cláusulas satisfeitas: 1830/2343 (78.1%)
Trail: 1791 1794 1796 1796 1808 1809 1809 1809 1809 1809 1809 1809 1809 1809 1809 1809 1809 1809 1809 1809
Cláusulas satisfeitas: 1812/2343 (77.3%)
Trail: 1793 1793 1797 1797 1802 1802 1802 1802 1807 1807 1807 1807 1807 1807 1807 1807 1807 1807 1807 1807
Cláusulas satisfeitas: 1807/2343 (77.1%)
Trail: 1802 1802 1802 1802 1802 1803 1803 1803 1803 1803 1803 1803 1804 1818 1818 1818 1818 1818 1818 1818
Cláusulas satisfeitas: 1821/2343 (77.7%)
Trail: 1796 1796 1796 1796 1797 1797 1801 1801 1801 1801 1801 1801 1801 1801 1808 1808 1819 1819 1819 1819
Cláusulas satisfeitas: 1819/2343 (77.6%)
