-- Abordagem: --chaos 0.2 --search reckless --steps 1
Trail: 1167 1210 1242 1242 1242 1242 1242 1242 1251 1251 1251 1251 1251 1251 1251 1251 1251 1251 1251 1251
Cláusulas satisfeitas: 1251/1491 (83.9%)
Trail: 1149 1219 1219 1220 1225 1225 1232 1232 1232 1232 1235 1243 1243 1243 1243 1243 1243 1243 1243 1243
Cláusulas satisfeitas: 1243/1491 (83.4%)
Trail: 1146 1218 1227 1227 1234 1242 1242 1248 1248 1248 1248 1248 1248 1248 1248 1248 1248 1248 1248 1249
Cláusulas satisfeitas: 1249/1491 (83.8%)
Trail: 1149 1193 1213 1213 1213 1220 1220 1227 1227 1229 1235 1235 1240 1248 1248 1248 1248 1249 1249 1249
Cláusulas satisfeitas: 1249/1491 (83.8%)
Trail: 1160 1218 1218 1228 1228 1238 1238 1238 1238 1238 1241 1249 1249 1249 1249 1249 1249 1249 1249 1249
Cláusulas satisfeitas: 1249/1491 (83.8%)
Trail: 1153 1222 1226 1226 1235 1235 1235 1235 1235 1235 1235 1235 1235 1235 1235 1239 1239 1239 1239 1239
Cláusulas satisfeitas: 1239/1491 (83.1%)
Trail: 1153 1191 1208 1212 1223 1223 1223 1223 1223 1236 1236 1236 1236 1236 1238 1239 1239 1239 1239 1239
Cláusulas satisfeitas: 1241/1491 (83.2%)
Trail: 1168 1218 1231 1246 1246 1246 1246 1246 1246 1246 1246 1246 1246 1246 1246 1246 1246 1246 1246 1246
Cláusulas satisfeitas: 1246/1491 (83.6%)
Trail: 1147 1215 1215 1215 1222 1222 1233 1233 1233 1233 1243 1243 1252 1252 1252 1252 1258 1258 1258 1258
Cláusulas satisfeitas: 1258/1491 (84.4%)
Trail: 1155 1214 1214 1215 1223 1232 1232 1232 1232 1232 1242 1242 1242 1242 1243 1243 1243 1243 1252 1252
Cláusulas satisfeitas: 1252/1491 (84.0%)
Trail: 1148 1205 1205 1209 1209 1245 1245 1245 1245 1245 1245 1245 1245 1245 1246 1253 1253 1253 1253 1253
Cláusulas satisfeitas: 1253/1491 (84.0%)
Trail: 1168 1226 1237 1237 1237 1237 1237 1252 1252 1252 1252 1252 1252 1252 1252 1252 1252 1252 1252 1252
Cláusulas satisfeitas: 1252/1491 (84.0%)
Trail: 1159 1203 1243 1252 1252 1252 1252 1252 1252 1252 1252 1252 1252 1252 1252 1252 1252 1252 1252 1252
Cláusulas satisfeitas: 1252/1491 (84.0%)
Trail: 1167 1207 1209 1209 1209 1217 1220 1225 1230 1236 1236 1236 1237 1237 1237 1237 1238 1239 1239 1249
Cláusulas satisfeitas: 1249/1491 (83.8%)
Trail: 1150 1226 1226 1226 1226 1238 1243 1243 1243 1243 1243 1243 1243 1243 1243 1243 1243 1243 1243 1243
Cláusulas satisfeitas: 1243/1491 (83.4%)
Trail: 1153 1232 1232 1232 1247 1247 1247 1247 1247 1247 1266 1266 1266 1266 1266 1266 1266 1266 1266 1266
Cláusulas satisfeitas: 1266/1491 (84.9%)
Trail: 1162 1201 1222 1222 1224 1230 1240 1240 1240 1240 1240 1240 1240 1240 1240 1240 1240 1240 1240 1240
Cláusulas satisfeitas: 1240/1491 (83.2%)
Trail: 1157 1208 1246 1246 1246 1246 1246 1246 1246 1246 1246 1246 1246 1246 1246 1246 1246 1246 1246 1246
Cláusulas satisfeitas: 1246/1491 (83.6%)
Trail: 1170 1227 1227 1227 1227 1233 1233 1236 1236 1236 1236 1236 1236 1236 1238 1241 1241 1248 1248 1248
Cláusulas satisfeitas: 1249/1491 (83.8%)
Trail: 1153 1213 1225 1225 1225 1225 1249 1249 1249 1249 1249 1249 1249 1249 1249 1249 1249 1249 1249 1249
Cláusulas satisfeitas: 1249/1491 (83.8%)
Trail: 1153 1204 1210 1221 1225 1225 1225 1225 1225 1225 1226 1242 1242 1242 1242 1242 1242 1242 1242 1242
Cláusulas satisfeitas: 1242/1491 (83.3%)
Trail: 1145 1231 1238 1238 1238 1238 1238 1238 1243 1243 1243 1243 1243 1243 1243 1243 1243 1247 1247 1247
Cláusulas satisfeitas: 1247/1491 (83.6%)
Trail: 1154 1255 1255 1255 1255 1255 1255 1255 1255 1255 1255 1255 1255 1255 1255 1255 1255 1255 1255 1255
Cláusulas satisfeitas: 1255/1491 (84.2%)
Trail: 1149 1227 1229 1231 1238 1238 1238 1240 1243 1243 1243 1243 1243 1243 1243 1243 1243 1243 1243 1243
Cláusulas satisfeitas: 1243/1491 (83.4%)
Trail: 1146 1224 1232 1232 1232 1232 1235 1235 1241 1241 1241 1241 1241 1241 1241 1241 1241 1241 1241 1241
Cláusulas satisfeitas: 1241/1491 (83.2%)
Trail: 1165 1205 1205 1205 1208 1213 1217 1220 1229 1229 1229 1229 1229 1229 1229 1229 1229 1231 1239 1246
Cláusulas satisfeitas: 1246/1491 (83.6%)
Trail: 1163 1208 1216 1230 1248 1257 1257 1257 1257 1257 1257 1257 1257 1257 1257 1257 1257 1257 1257 1257
Cláusulas satisfeitas: 1257/1491 (84.3%)
Trail: 1160 1211 1211 1215 1217 1220 1225 1229 1229 1229 1238 1243 1243 1243 1243 1243 1243 1243 1243 1255
Cláusulas satisfeitas: 1255/1491 (84.2%)
Trail: 1153 1211 1211 1228 1228 1228 1228 1228 1230 1233 1233 1233 1233 1238 1238 1241 1248 1253 1253 1253
Cláusulas satisfeitas: 1253/1491 (84.0%)
Trail: 1147 1231 1231 1233 1234 1234 1234 1234 1234 1251 1251 1251 1251 1251 1251 1251 1251 1251 1251 1251
Cláusulas satisfeitas: 1251/1491 (83.9%)
-- Abordagem: --chaos 0.2
Trail: 1156 1156 1156 1156 1156 1156 1156 1156 1156 1156 1159 1159 1159 1159 1159 1159 1159 1159 1159 1159
Cláusulas satisfeitas: 1168/1491 (78.3%)
Trail: 1153 1154 1154 1156 1160 1161 1161 1161 1163 1163 1163 1163 1163 1163 1163 1163 1163 1174 1174 1174
Cláusulas satisfeitas: 1175/1491 (78.8%)
Trail: 1142 1146 1159 1159 1159 1159 1161 1161 1171 1171 1171 1171 1171 1176 1176 1176 1176 1176 1176 1176
Cláusulas satisfeitas: 1176/1491 (78.9%)
Trail: 1148 1150 1153 1153 1153 1153 1160 1160 1160 1160 1160 1160 1165 1165 1165 1165 1165 1165 1165 1165
Cláusulas satisfeitas: 1165/1491 (78.1%)
Trail: 1145 1145 1145 1145 1150 1152 1155 1155 1157 1157 1157 1157 1157 1157 1157 1157 1157 1157 1157 1157
Cláusulas satisfeitas: 1162/1491 (77.9%)
Trail: 1146 1149 1149 1149 1149 1154 1155 1155 1155 1157 1157 1157 1157 1157 1157 1157 1171 1171 1171 1171
Cláusulas satisfeitas: 1174/1491 (78.7%)
Trail: 1144 1150 1150 1150 1150 1150 1150 1150 1150 1155 1155 1155 1155 1155 1155 1158 1158 1158 1158 1158
Cláusulas satisfeitas: 1166/1491 (78.2%)
Trail: 1150 1151 1151 1151 1151 1151 1151 1151 1151 1151 1151 1151 1151 1153 1153 1153 1153 1153 1153 1155
Cláusulas satisfeitas: 1162/1491 (77.9%)
Trail: 1151 1151 1151 1151 1158 1158 1167 1167 1167 1167 1167 1167 1167 1167 1167 1167 1167 1167 1167 1167
Cláusulas satisfeitas: 1171/1491 (78.5%)
Trail: 1146 1146 1152 1152 1152 1157 1157 1157 1157 1157 1157 1157 1157 1157 1161 1161 1161 1161 1161 1161
Cláusulas satisfeitas: 1169/1491 (78.4%)
Trail: 1156 1160 1164 1164 1164 1164 1164 1164 1164 1164 1164 1167 1167 1167 1167 1167 1167 1167 1167 1167
Cláusulas satisfeitas: 1167/1491 (78.3%)
Trail: 1150 1153 1153 1156 1156 1158 1158 1158 1158 1158 1158 1158 1158 1158 1159 1159 1159 1159 1159 1159
Cláusulas satisfeitas: 1171/1491 (78.5%)
Trail: 1165 1165 1165 1165 1165 1165 1165 1165 1165 1165 1165 1165 1165 1165 1165 1165 1165 1165 1165 1165
Cláusulas satisfeitas: 1165/1491 (78.1%)
Trail: 1143 1143 1145 1145 1150 1150 1150 1150 1150 1150 1153 1153 1153 1156 1156 1156 1156 1156 1156 1156
Cláusulas satisfeitas: 1168/1491 (78.3%)
Trail: 1151 1157 1157 1160 1160 1160 1160 1160 1160 1160 1163 1163 1163 1163 1163 1163 1163 1163 1163 1167
Cláusulas satisfeitas: 1184/1491 (79.4%)
Trail: 1171 1171 1182 1182 1182 1182 1182 1182 1182 1182 1182 1182 1182 1182 1182 1182 1182 1182 1182 1182
Cláusulas satisfeitas: 1182/1491 (79.3%)
Trail: 1145 1145 1151 1153 1153 1155 1155 1155 1155 1155 1155 1155 1155 1155 1155 1156 1156 1161 1161 1161
Cláusulas satisfeitas: 1168/1491 (78.3%)
Trail: 1164 1164 1164 1164 1164 1164 1164 1164 1164 1164 1164 1164 1164 1164 1164 1164 1164 1164 1164 1164
Cláusulas satisfeitas: 1189/1491 (79.7%)
Trail: 1154 1159 1163 1163 1163 1163 1163 1166 1166 1166 1166 1166 1166 1166 1172 1172 1172 1172 1172 1172
Cláusulas satisfeitas: 1172/1491 (78.6%)
Trail: 1151 1151 1151 1152 1152 1156 1156 1157 1157 1157 1157 1157 1157 1157 1157 1157 1157 1157 1157 1157
Cláusulas satisfeitas: 1159/1491 (77.7%)
Trail: 1157 1159 1159 1159 1159 1159 1159 1159 1159 1159 1159 1159 1159 1159 1164 1164 1164 1164 1164 1164
Cláusulas satisfeitas: 1182/1491 (79.3%)
Trail: 1149 1149 1152 1152 1152 1152 1152 1152 1160 1160 1160 1160 1160 1160 1160 1160 1160 1160 1160 1160
Cláusulas satisfeitas: 1173/1491 (78.7%)
Trail: 1155 1155 1155 1155 1155 1155 1155 1157 1157 1157 1157 1157 1157 1157 1157 1157 1157 1157 1157 1157
Cláusulas satisfeitas: 1164/1491 (78.1%)
Trail: 1154 1154 1154 1154 1154 1154 1154 1154 1154 1154 1154 1154 1154 1154 1154 1154 1154 1154 1154 1154
Cláusulas satisfeitas: 1154/1491 (77.4%)
Trail: 1146 1147 1147 1147 1147 1148 1153 1154 1154 1154 1154 1154 1154 1154 1154 1154 1154 1161 1161 1161
Cláusulas satisfeitas: 1170/1491 (78.5%)
Trail: 1149 1149 1149 1149 1149 1149 1149 1154 1154 1154 1154 1154 1154 1154 1156 1156 1156 1156 1156 1156
Cláusulas satisfeitas: 1158/1491 (77.7%)
Trail: 1150 1150 1150 1150 1150 1156 1156 1156 1156 1156 1156 1156 1156 1156 1156 1156 1156 1157 1157 1157
Cláusulas satisfeitas: 1159/1491 (77.7%)
Trail: 1164 1164 1164 1164 1164 1164 1164 1164 1168 1168 1168 1168 1168 1168 1168 1168 1168 1168 1168 1168
Cláusulas satisfeitas: 1168/1491 (78.3%)
Trail: 1149 1149 1149 1159 1159 1159 1159 1159 1160 1160 1160 1160 1163 1163 1163 1163 1163 1163 1163 1163
Cláusulas satisfeitas: 1166/1491 (78.2%)
Trail: 1146 1146 1149 1149 1153 1153 1153 1165 1165 1165 1165 1165 1165 1165 1165 1165 1165 1165 1165 1165
Cláusulas satisfeitas: 1182/1491 (79.3%)
-- Abordagem: --uniforme 0.2
Trail: 1160 1160 1160 1164 1164 1164 1164 1164 1164 1164 1164 1164 1164 1164 1164 1164 1164 1164 1164 1164
Cláusulas satisfeitas: 1164/1491 (78.1%)
Trail: 1145 1145 1148 1148 1148 1148 1149 1149 1149 1150 1150 1154 1154 1158 1158 1164 1164 1164 1164 1164
Cláusulas satisfeitas: 1178/1491 (79.0%)
Trail: 1145 1153 1153 1153 1153 1153 1153 1153 1153 1155 1155 1155 1155 1155 1155 1155 1155 1155 1155 1155
Cláusulas satisfeitas: 1159/1491 (77.7%)
Trail: 1160 1160 1160 1160 1160 1160 1160 1160 1160 1160 1160 1160 1160 1160 1160 1160 1163 1163 1163 1163
Cláusulas satisfeitas: 1172/1491 (78.6%)
Trail: 1149 1149 1149 1149 1149 1159 1159 1159 1159 1159 1159 1159 1159 1159 1159 1159 1159 1159 1159 1159
Cláusulas satisfeitas: 1180/1491 (79.1%)
Trail: 1155 1155 1155 1155 1155 1155 1155 1156 1156 1156 1156 1156 1156 1156 1158 1163 1163 1163 1163 1163
Cláusulas satisfeitas: 1165/1491 (78.1%)
Trail: 1162 1162 1162 1162 1162 1162 1162 1162 1162 1162 1162 1162 1162 1162 1162 1162 1162 1162 1162 1162
Cláusulas satisfeitas: 1169/1491 (78.4%)
Trail: 1172 1172 1172 1172 1172 1172 1172 1172 1172 1172 1172 1172 1172 1172 1172 1172 1172 1172 1172 1172
Cláusulas satisfeitas: 1172/1491 (78.6%)
Trail: 1148 1148 1148 1148 1148 1148 1148 1148 1148 1148 1148 1148 1152 1152 1152 1152 1152 1152 1152 1152
Cláusulas satisfeitas: 1155/1491 (77.5%)
Trail: 1148 1152 1152 1152 1152 1152 1152 1152 1152 1152 1152 1152 1152 1152 1152 1152 1152 1152 1152 1152
Cláusulas satisfeitas: 1152/1491 (77.3%)
Trail: 1171 1171 1171 1171 1171 1171 1171 1171 1171 1171 1171 1171 1171 1171 1171 1171 1171 1171 1171 1171
Cláusulas satisfeitas: 1171/1491 (78.5%)
Trail: 1170 1170 1170 1170 1170 1170 1170 1170 1170 1170 1170 1170 1170 1170 1170 1170 1170 1170 1170 1170
Cláusulas satisfeitas: 1170/1491 (78.5%)
Trail: 1159 1159 1159 1159 1159 1159 1159 1159 1159 1159 1162 1162 1162 1162 1162 1162 1162 1165 1165 1165
Cláusulas satisfeitas: 1179/1491 (79.1%)
Trail: 1139 1142 1143 1148 1148 1148 1148 1148 1148 1148 1148 1148 1148 1148 1148 1148 1153 1153 1156 1156
Cláusulas satisfeitas: 1163/1491 (78.0%)
Trail: 1149 1149 1154 1154 1154 1154 1154 1154 1154 1154 1154 1154 1154 1154 1159 1168 1168 1168 1168 1168
Cláusulas satisfeitas: 1170/1491 (78.5%)
Trail: 1147 1147 1147 1154 1154 1154 1154 1156 1156 1156 1156 1158 1158 1158 1158 1158 1158 1158 1158 1158
Cláusulas satisfeitas: 1173/1491 (78.7%)
Trail: 1151 1151 1157 1157 1157 1157 1157 1157 1157 1157 1157 1157 1157 1157 1157 1157 1157 1157 1157 1157
Cláusulas satisfeitas: 1157/1491 (77.6%)
Trail: 1148 1148 1151 1154 1154 1154 1158 1158 1158 1158 1158 1158 1158 1158 1166 1166 1166 1166 1166 1166
Cláusulas satisfeitas: 1169/1491 (78.4%)
Trail: 1148 1150 1150 1163 1163 1163 1163 1163 1163 1163 1163 1163 1163 1163 1163 1163 1163 1163 1163 1163
Cláusulas satisfeitas: 1173/1491 (78.7%)
Trail: 1155 1155 1155 1155 1155 1157 1159 1159 1159 1159 1159 1159 1159 1159 1159 1159 1159 1159 1159 1159
Cláusulas satisfeitas: 1159/1491 (77.7%)
Trail: 1146 1146 1153 1153 1153 1153 1153 1154 1157 1157 1157 1157 1157 1157 1157 1160 1172 1172 1172 1172
Cláusulas satisfeitas: 1175/1491 (78.8%)
Trail: 1153 1153 1154 1154 1154 1154 1155 1155 1155 1155 1155 1155 1155 1155 1155 1155 1161 1161 1161 1161
Cláusulas satisfeitas: 1161/1491 (77.9%)
Trail: 1141 1141 1142 1152 1152 1152 1152 1152 1152 1152 1152 1153 1153 1153 1163 1163 1163 1163 1163 1163
Cláusulas satisfeitas: 1166/1491 (78.2%)
Trail: 1153 1153 1153 1154 1154 1154 1154 1154 1154 1156 1165 1165 1166 1166 1166 1166 1166 1176 1176 1176
Cláusulas satisfeitas: 1176/1491 (78.9%)
Trail: 1153 1163 1163 1163 1163 1163 1163 1163 1163 1163 1163 1163 1163 1163 1163 1163 1163 1163 1163 1163
Cláusulas satisfeitas: 1163/1491 (78.0%)
Trail: 1141 1146 1146 1146 1146 1146 1146 1149 1149 1149 1149 1149 1149 1149 1149 1149 1149 1149 1149 1149
Cláusulas satisfeitas: 1163/1491 (78.0%)
Trail: 1153 1153 1153 1156 1156 1157 1157 1157 1157 1157 1157 1157 1157 1157 1157 1157 1157 1157 1157 1157
Cláusulas satisfeitas: 1166/1491 (78.2%)
Trail: 1153 1153 1153 1153 1153 1154 1163 1163 1163 1166 1168 1171 1171 1171 1171 1171 1171 1171 1171 1171
Cláusulas satisfeitas: 1171/1491 (78.5%)
Trail: 1150 1150 1150 1150 1150 1150 1150 1158 1158 1158 1159 1159 1159 1159 1176 1176 1176 1176 1176 1176
Cláusulas satisfeitas: 1176/1491 (78.9%)
Trail: 1141 1145 1156 1156 1156 1156 1156 1156 1156 1156 1156 1156 1156 1157 1157 1157 1157 1157 1157 1157
Cláusulas satisfeitas: 1157/1491 (77.6%)
