-- Abordagem: --chaos 0.2 --search reckless --steps 1
Trail: 2602 2718 2720 2726 2726 2733 2765 2765 2775 2775 2793 2793 2793 2793 2793 2793 2793 2793 2793 2793
Cláusulas satisfeitas: 2793/3408 (82.0%)
Trail: 2611 2720 2746 2746 2753 2765 2774 2792 2792 2792 2792 2792 2792 2792 2792 2792 2792 2792 2792 2792
Cláusulas satisfeitas: 2792/3408 (81.9%)
Trail: 2593 2737 2746 2746 2764 2765 2767 2767 2773 2773 2773 2773 2790 2790 2790 2790 2790 2790 2790 2790
Cláusulas satisfeitas: 2790/3408 (81.9%)
Trail: 2609 2729 2756 2756 2756 2756 2789 2789 2789 2789 2789 2789 2789 2789 2789 2789 2789 2789 2789 2789
Cláusulas satisfeitas: 2789/3408 (81.8%)
Trail: 2604 2704 2719 2742 2742 2742 2767 2767 2767 2767 2767 2767 2767 2769 2769 2769 2769 2789 2789 2789
Cláusulas satisfeitas: 2789/3408 (81.8%)
Trail: 2587 2687 2704 2786 2786 2786 2786 2786 2786 2786 2786 2786 2788 2795 2795 2795 2795 2795 2795 2795
Cláusulas satisfeitas: 2795/3408 (82.0%)
Trail: 2617 2749 2749 2754 2778 2778 2779 2779 2787 2788 2798 2798 2798 2798 2798 2798 2798 2798 2798 2798
Cláusulas satisfeitas: 2798/3408 (82.1%)
Trail: 2612 2714 2719 2748 2748 2748 2748 2752 2772 2772 2772 2775 2775 2775 2779 2779 2779 2779 2779 2784
Cláusulas satisfeitas: 2791/3408 (81.9%)
Trail: 2584 2734 2734 2741 2741 2741 2747 2747 2758 2758 2768 2768 2784 2784 2784 2784 2784 2784 2784 2784
Cláusulas satisfeitas: 2784/3408 (81.7%)
Trail: 2584 2721 2725 2735 2754 2754 2754 2764 2775 2775 2791 2791 2791 2791 2791 2791 2791 2791 2791 2791
Cláusulas satisfeitas: 2791/3408 (81.9%)
Trail: 2590 2695 2732 2748 2748 2748 2765 2765 2771 2785 2785 2785 2793 2793 2793 2793 2793 2793 2793 2793
Cláusulas satisfeitas: 2793/3408 (82.0%)
Trail: 2606 2697 2726 2780 2780 2780 2780 2780 2780 2780 2780 2800 2800 2800 2800 2800 2800 2800 2800 2800
Cláusulas satisfeitas: 2800/3408 (82.2%)
Trail: 2602 2699 2699 2709 2724 2732 2732 2732 2739 2739 2741 2759 2769 2780 2780 2780 2780 2780 2780 2780
Cláusulas satisfeitas: 2780/3408 (81.6%)
Trail: 2629 2753 2753 2759 2764 2764 2764 2764 2764 2764 2764 2764 2764 2764 2764 2764 2772 2788 2788 2788
Cláusulas satisfeitas: 2788/3408 (81.8%)
Trail: 2612 2722 2722 2736 2749 2754 2754 2755 2758 2762 2762 2762 2768 2780 2780 2780 2780 2780 2801 2801
Cláusulas satisfeitas: 2801/3408 (82.2%)
Trail: 2602 2706 2713 2755 2755 2755 2755 2755 2755 2780 2780 2780 2780 2788 2788 2788 2788 2788 2788 2788
Cláusulas satisfeitas: 2788/3408 (81.8%)
Trail: 2621 2710 2728 2735 2735 2744 2756 2763 2763 2763 2763 2779 2779 2779 2779 2779 2779 2779 2779 2779
Cláusulas satisfeitas: 2779/3408 (81.5%)
Trail: 2596 2722 2724 2741 2758 2785 2785 2785 2785 2785 2785 2785 2785 2785 2785 2785 2785 2785 2793 2796
Cláusulas satisfeitas: 2796/3408 (82.0%)
Trail: 2597 2741 2745 2745 2745 2760 2773 2773 2773 2773 2773 2773 2779 2802 2802 2802 2802 2802 2802 2802
Cláusulas satisfeitas: 2802/3408 (82.2%)
Trail: 2602 2719 2724 2735 2755 2755 2755 2775 2775 2775 2775 2775 2775 2775 2775 2791 2791 2791 2791 2791
Cláusulas satisfeitas: 2791/3408 (81.9%)
Trail: 2623 2705 2724 2724 2747 2747 2747 2747 2748 2758 2762 2764 2764 2769 2769 2769 2769 2769 2769 2769
Cláusulas satisfeitas: 2769/3408 (81.2%)
Trail: 2607 2712 2756 2756 2757 2763 2784 2784 2784 2787 2787 2787 2787 2787 2787 2787 2787 2800 2800 2800
Cláusulas satisfeitas: 2800/3408 (82.2%)
Trail: 2589 2733 2733 2756 2770 2770 2770 2775 2775 2775 2775 2775 2775 2786 2786 2793 2793 2793 2793 2793
Cláusulas satisfeitas: 2793/3408 (82.0%)
Trail: 2592 2723 2723 2727 2727 2735 2735 2735 2740 2779 2779 2779 2779 2779 2779 2779 2784 2784 2784 2788
Cláusulas satisfeitas: 2788/3408 (81.8%)
Trail: 2611 2752 2752 2758 2760 2760 2760 2768 2768 2784 2784 2784 2796 2796 2796 2796 2796 2796 2796 2796
Cláusulas satisfeitas: 2796/3408 (82.0%)
Trail: 2604 2724 2724 2731 2731 2731 2731 2731 2743 2756 2756 2756 2756 2761 2767 2774 2774 2774 2774 2780
Cláusulas satisfeitas: 2780/3408 (81.6%)
Trail: 2611 2744 2746 2746 2746 2746 2746 2749 2760 2760 2772 2772 2772 2772 2780 2787 2787 2787 2811 2811
Cláusulas satisfeitas: 2811/3408 (82.5%)
Trail: 2627 2729 2729 2729 2729 2739 2739 2739 2739 2752 2754 2754 2754 2761 2779 2779 2779 2779 2779 2779
Cláusulas satisfeitas: 2779/3408 (81.5%)
Trail: 2610 2700 2726 2726 2749 2749 2749 2755 2755 2755 2755 2769 2769 2771 2773 2785 2785 2785 2785 2785
Cláusulas satisfeitas: 2785/3408 (81.7%)
Trail: 2607 2703 2703 2764 2764 2764 2764 2764 2764 2764 2764 2764 2764 2764 2764 2764 2764 2764 2764 2764
Cláusulas satisfeitas: 2764/3408 (81.1%)
-- Abordagem: --chaos 0.2
Trail: 2593 2600 2600 2610 2610 2610 2612 2614 2614 2614 2614 2614 2614 2614 2614 2614 2614 2614 2614 2614
Cláusulas satisfeitas: 2626/3408 (77.1%)
Trail: 2613 2621 2621 2621 2621 2621 2621 2621 2621 2621 2621 2621 2621 2621 2621 2621 2621 2621 2621 2621
Cláusulas satisfeitas: 2651/3408 (77.8%)
Trail: 2613 2616 2616 2616 2616 2616 2622 2622 2622 2622 2622 2622 2622 2622 2622 2622 2622 2622 2622 2622
Cláusulas satisfeitas: 2643/3408 (77.6%)
Trail: 2623 2623 2623 2623 2623 2623 2623 2623 2623 2623 2623 2623 2623 2623 2623 2623 2623 2623 2623 2623
Cláusulas satisfeitas: 2649/3408 (77.7%)
Trail: 2619 2619 2619 2619 2619 2619 2619 2619 2619 2619 2619 2619 2619 2619 2621 2621 2625 2625 2625 2631
Cláusulas satisfeitas: 2646/3408 (77.6%)
Trail: 2613 2613 2613 2624 2624 2629 2629 2629 2629 2629 2629 2629 2629 2629 2629 2629 2629 2635 2635 2635
Cláusulas satisfeitas: 2644/3408 (77.6%)
Trail: 2604 2605 2605 2613 2613 2613 2613 2613 2613 2613 2613 2613 2613 2613 2613 2613 2613 2613 2613 2613
Cláusulas satisfeitas: 2625/3408 (77.0%)
Trail: 2601 2602 2606 2606 2606 2606 2606 2606 2612 2612 2612 2612 2612 2615 2621 2621 2621 2621 2621 2621
Cláusulas satisfeitas: 2621/3408 (76.9%)
Trail: 2618 2618 2618 2618 2618 2618 2618 2618 2620 2620 2622 2622 2622 2622 2622 2622 2622 2622 2622 2622
Cláusulas satisfeitas: 2630/3408 (77.2%)
Trail: 2614 2614 2614 2614 2614 2614 2614 2614 2614 2614 2614 2614 2614 2617 2617 2619 2619 2619 2619 2619
Cláusulas satisfeitas: 2656/3408 (77.9%)
Trail: 2608 2608 2608 2608 2608 2621 2621 2621 2621 2621 2621 2621 2621 2621 2621 2621 2621 2621 2621 2621
Cláusulas satisfeitas: 2623/3408 (77.0%)
Trail: 2602 2602 2602 2602 2605 2612 2612 2612 2612 2612 2612 2616 2616 2620 2631 2631 2631 2631 2631 2631
Cláusulas satisfeitas: 2631/3408 (77.2%)
Trail: 2595 2595 2595 2595 2600 2600 2600 2607 2617 2629 2629 2629 2629 2629 2629 2629 2629 2629 2629 2629
Cláusulas satisfeitas: 2661/3408 (78.1%)
Trail: 2613 2613 2613 2616 2616 2616 2616 2616 2616 2616 2616 2616 2616 2616 2616 2616 2616 2616 2616 2616
Cláusulas satisfeitas: 2635/3408 (77.3%)
Trail: 2598 2598 2598 2598 2600 2600 2600 2600 2608 2608 2608 2608 2608 2608 2608 2608 2608 2608 2608 2608
Cláusulas satisfeitas: 2609/3408 (76.6%)
Trail: 2591 2597 2597 2605 2605 2605 2605 2605 2605 2605 2607 2607 2607 2617 2617 2617 2617 2617 2617 2617
Cláusulas satisfeitas: 2630/3408 (77.2%)
Trail: 2625 2625 2625 2625 2625 2625 2625 2625 2625 2625 2625 2625 2625 2625 2625 2625 2625 2625 2625 2625
Cláusulas satisfeitas: 2625/3408 (77.0%)
Trail: 2618 2618 2618 2618 2618 2618 2618 2618 2618 2618 2618 2618 2618 2618 2618 2618 2618 2618 2618 2618
Cláusulas satisfeitas: 2624/3408 (77.0%)
Trail: 2589 2602 2606 2606 2608 2608 2608 2608 2613 2613 2615 2617 2617 2617 2617 2617 2617 2617 2618 2618
Cláusulas satisfeitas: 2618/3408 (76.8%)
Trail: 2595 2602 2606 2606 2606 2612 2615 2624 2624 2624 2624 2624 2624 2624 2624 2624 2624 2624 2624 2624
Cláusulas satisfeitas: 2632/3408 (77.2%)
Trail: 2612 2615 2615 2615 2615 2615 2615 2615 2616 2619 2619 2619 2619 2619 2619 2619 2619 2619 2619 2619
Cláusulas satisfeitas: 2619/3408 (76.8%)
Trail: 2614 2614 2614 2614 2617 2621 2621 2621 2621 2621 2621 2621 2621 2621 2621 2621 2621 2621 2621 2621
Cláusulas satisfeitas: 2634/3408 (77.3%)
Trail: 2595 2595 2595 2595 2596 2599 2608 2613 2613 2615 2619 2619 2619 2619 2619 2619 2619 2619 2619 2619
Cláusulas satisfeitas: 2620/3408 (76.9%)
Trail: 2596 2601 2606 2606 2606 2606 2606 2606 2606 2606 2606 2606 2606 2606 2606 2612 2612 2624 2624 2624
Cláusulas satisfeitas: 2631/3408 (77.2%)
Trail: 2613 2613 2613 2613 2613 2613 2613 2613 2613 2618 2627 2627 2627 2627 2627 2627 2627 2627 2627 2627
Cláusulas satisfeitas: 2627/3408 (77.1%)
Trail: 2605 2613 2613 2613 2613 2613 2613 2613 2613 2613 2613 2613 2613 2613 2613 2613 2613 2613 2613 2613
Cláusulas satisfeitas: 2628/3408 (77.1%)
Trail: 2595 2604 2604 2604 2604 2604 2616 2628 2628 2628 2628 2628 2628 2628 2628 2628 2628 2628 2628 2628
Cláusulas satisfeitas: 2628/3408 (77.1%)
Trail: 2584 2591 2604 2604 2604 2612 2612 2612 2612 2612 2612 2612 2612 2612 2612 2612 2612 2612 2613 2613
Cláusulas satisfeitas: 2617/3408 (76.8%)
Trail: 2609 2640 2640 2640 2640 2640 2640 2640 2640 2640 2640 2640 2640 2640 2640 2640 2640 2640 2640 2640
Cláusulas satisfeitas: 2640/3408 (77.5%)
Trail: 2603 2603 2603 2603 2603 2603 2603 2603 2608 2608 2625 2625 2625 2625 2625 2625 2625 2625 2625 2625
Cláusulas satisfeitas: 2625/3408 (77.0%)
-- Abordagem: --uniforme 0.2
Trail: 2636 2636 2636 2636 2636 2636 2636 2636 2636 2636 2636 2636 2636 2636 2636 2636 2636 2636 2636 2636
Cláusulas satisfeitas: 2636/3408 (77.3%)
Trail: 2608 2608 2608 2608 2608 2623 2623 2636 2636 2636 2636 2636 2636 2636 2636 2636 2636 2636 2636 2636
Cláusulas satisfeitas: 2656/3408 (77.9%)
Trail: 2610 2612 2612 2612 2612 2612 2612 2612 2612 2612 2613 2613 2613 2613 2613 2625 2625 2625 2625 2625
Cláusulas satisfeitas: 2656/3408 (77.9%)
Trail: 2588 2602 2609 2609 2610 2610 2610 2610 2610 2610 2610 2610 2610 2610 2610 2610 2610 2610 2610 2610
Cláusulas satisfeitas: 2611/3408 (76.6%)
Trail: 2610 2618 2618 2621 2621 2626 2626 2626 2626 2630 2630 2630 2630 2630 2630 2630 2630 2630 2630 2630
Cláusulas satisfeitas: 2635/3408 (77.3%)
Trail: 2608 2608 2608 2608 2612 2612 2612 2612 2612 2612 2612 2612 2612 2612 2612 2612 2612 2612 2612 2612
Cláusulas satisfeitas: 2625/3408 (77.0%)
Trail: 2623 2623 2623 2623 2623 2623 2623 2623 2623 2623 2629 2629 2629 2629 2629 2629 2629 2629 2629 2629
Cláusulas satisfeitas: 2631/3408 (77.2%)
Trail: 2600 2600 2606 2606 2606 2606 2606 2606 2606 2606 2607 2607 2607 2607 2612 2618 2618 2618 2618 2618
Cláusulas satisfeitas: 2630/3408 (77.2%)
Trail: 2607 2607 2611 2611 2611 2611 2611 2611 2611 2611 2611 2611 2611 2611 2611 2611 2611 2611 2611 2611
Cláusulas satisfeitas: 2611/3408 (76.6%)
Trail: 2615 2626 2626 2626 2628 2628 2628 2628 2628 2628 2628 2628 2628 2628 2628 2628 2628 2628 2628 2628
Cláusulas satisfeitas: 2646/3408 (77.6%)
Trail: 2599 2599 2599 2601 2601 2601 2601 2601 2613 2613 2613 2613 2613 2613 2613 2613 2613 2613 2613 2613
Cláusulas satisfeitas: 2613/3408 (76.7%)
Trail: 2598 2598 2602 2604 2610 2610 2610 2610 2610 2610 2624 2624 2624 2624 2624 2624 2624 2624 2624 2624
Cláusulas satisfeitas: 2624/3408 (77.0%)
Trail: 2598 2604 2604 2604 2604 2604 2604 2604 2614 2617 2619 2619 2619 2623 2629 2629 2629 2629 2629 2631
Cláusulas satisfeitas: 2631/3408 (77.2%)
Trail: 2600 2604 2604 2604 2604 2615 2615 2615 2615 2615 2615 2615 2615 2615 2615 2615 2615 2615 2615 2615
Cláusulas satisfeitas: 2643/3408 (77.6%)
Trail: 2620 2625 2625 2625 2625 2625 2625 2625 2625 2625 2625 2625 2625 2625 2625 2625 2625 2625 2625 2625
Cláusulas satisfeitas: 2635/3408 (77.3%)
Trail: 2588 2595 2595 2595 2600 2600 2600 2601 2609 2614 2614 2614 2614 2614 2614 2614 2614 2614 2614 2614
Cláusulas satisfeitas: 2640/3408 (77.5%)
Trail: 2614 2614 2614 2614 2614 2614 2617 2617 2621 2621 2621 2621 2621 2621 2621 2621 2621 2621 2621 2621
Cláusulas satisfeitas: 2622/3408 (76.9%)
Trail: 2604 2606 2610 2610 2610 2610 2610 2610 2610 2610 2610 2610 2615 2626 2626 2626 2626 2626 2626 2626
Cláusulas satisfeitas: 2626/3408 (77.1%)
Trail: 2619 2620 2620 2620 2633 2633 2633 2633 2633 2633 2633 2633 2633 2633 2633 2633 2633 2633 2633 2633
Cláusulas satisfeitas: 2633/3408 (77.3%)
Trail: 2602 2602 2602 2604 2604 2615 2615 2618 2618 2618 2618 2618 2618 2618 2618 2618 2618 2618 2618 2618
Cláusulas satisfeitas: 2632/3408 (77.2%)
Trail: 2610 2617 2617 2617 2617 2618 2628 2628 2628 2628 2628 2628 2628 2628 2628 2628 2628 2628 2628 2628
Cláusulas satisfeitas: 2653/3408 (77.8%)
Trail: 2595 2595 2604 2604 2604 2614 2614 2614 2614 2614 2614 2614 2614 2614 2614 2614 2614 2614 2614 2614
Cláusulas satisfeitas: 2618/3408 (76.8%)
Trail: 2620 2620 2620 2622 2622 2622 2622 2622 2622 2622 2622 2622 2622 2622 2624 2624 2624 2624 2624 2624
Cláusulas satisfeitas: 2634/3408 (77.3%)
Trail: 2611 2611 2620 2620 2620 2620 2620 2620 2620 2620 2620 2620 2620 2620 2620 2620 2620 2620 2620 2620
Cláusulas satisfeitas: 2640/3408 (77.5%)
Trail: 2603 2609 2609 2609 2609 2609 2609 2609 2609 2609 2609 2609 2609 2610 2623 2623 2623 2623 2623 2623
Cláusulas satisfeitas: 2628/3408 (77.1%)
Trail: 2621 2621 2621 2621 2621 2621 2621 2628 2628 2628 2628 2628 2628 2628 2628 2628 2628 2628 2628 2628
Cláusulas satisfeitas: 2628/3408 (77.1%)
Trail: 2603 2603 2603 2603 2603 2603 2603 2603 2605 2605 2605 2605 2605 2605 2605 2605 2605 2605 2605 2606
Cláusulas satisfeitas: 2617/3408 (76.8%)
Trail: 2614 2614 2614 2614 2614 2614 2614 2614 2614 2614 2614 2614 2614 2614 2614 2614 2614 2621 2621 2621
Cláusulas satisfeitas: 2621/3408 (76.9%)
Trail: 2622 2622 2622 2622 2622 2622 2622 2623 2626 2632 2632 2632 2632 2632 2632 2632 2632 2632 2632 2632
Cláusulas satisfeitas: 2632/3408 (77.2%)
Trail: 2616 2616 2616 2616 2616 2616 2616 2616 2616 2617 2617 2617 2617 2617 2617 2617 2617 2617 2617 2617
Cláusulas satisfeitas: 2625/3408 (77.0%)
