-- Abordagem: --chaos 0.2 --search reckless --steps 1
Trail: 667 706 706 706 707 714 714 714 714 714 714 714 714 716 716 716 716 716 716 716
Cláusulas satisfeitas: 716/852 (84.0%)
Trail: 663 697 705 705 705 718 718 718 718 718 718 718 718 718 718 718 718 718 718 718
Cláusulas satisfeitas: 718/852 (84.3%)
Trail: 675 691 703 714 719 719 719 719 719 719 719 719 719 719 719 719 719 724 724 724
Cláusulas satisfeitas: 724/852 (85.0%)
Trail: 679 701 701 701 707 708 712 712 712 712 712 713 717 717 717 717 717 717 717 717
Cláusulas satisfeitas: 717/852 (84.2%)
Trail: 662 705 709 711 711 711 711 711 711 711 711 712 716 718 718 718 718 718 718 718
Cláusulas satisfeitas: 718/852 (84.3%)
Trail: 667 704 706 706 706 706 706 712 712 712 712 721 721 721 721 721 721 721 721 721
Cláusulas satisfeitas: 721/852 (84.6%)
Trail: 665 712 713 715 715 715 715 715 715 715 715 719 719 719 721 721 721 721 721 721
Cláusulas satisfeitas: 723/852 (84.9%)
Trail: 672 690 696 701 703 707 707 709 709 709 709 711 711 711 711 711 711 711 711 721
Cláusulas satisfeitas: 721/852 (84.6%)
Trail: 662 721 721 721 721 721 721 721 721 721 722 722 722 722 722 722 722 722 722 722
Cláusulas satisfeitas: 722/852 (84.7%)
Trail: 668 695 697 712 712 712 715 715 715 715 715 715 716 716 716 716 716 716 716 716
Cláusulas satisfeitas: 716/852 (84.0%)
Trail: 665 698 699 699 702 716 716 716 716 716 716 716 716 716 716 716 716 716 721 721
Cláusulas satisfeitas: 721/852 (84.6%)
Trail: 658 698 698 698 705 705 705 705 706 716 716 716 716 716 719 719 719 719 719 719
Cláusulas satisfeitas: 719/852 (84.4%)
Trail: 659 712 712 712 712 712 712 712 713 713 717 717 717 717 717 717 717 717 719 719
Cláusulas satisfeitas: 719/852 (84.4%)
Trail: 663 703 705 711 715 715 715 715 716 722 722 722 722 722 722 722 722 722 722 722
Cláusulas satisfeitas: 722/852 (84.7%)
Trail: 678 710 710 720 720 720 720 720 720 720 720 720 720 720 720 720 720 720 720 720
Cláusulas satisfeitas: 720/852 (84.5%)
Trail: 664 704 704 704 704 714 725 725 725 725 725 725 725 725 725 725 725 725 725 725
Cláusulas satisfeitas: 725/852 (85.1%)
Trail: 656 703 710 713 713 720 720 720 720 720 720 720 720 720 720 720 720 720 720 720
Cláusulas satisfeitas: 720/852 (84.5%)
Trail: 668 687 691 705 705 705 705 705 705 723 723 723 723 723 723 723 723 723 723 723
Cláusulas satisfeitas: 723/852 (84.9%)
Trail: 657 692 694 694 701 701 703 709 709 709 715 715 715 715 715 715 715 719 719 719
Cláusulas satisfeitas: 719/852 (84.4%)
Trail: 658 691 691 691 695 698 699 699 703 708 708 708 708 708 708 709 710 710 710 713
Cláusulas satisfeitas: 713/852 (83.7%)
Trail: 659 705 716 717 717 717 717 732 732 732 732 732 732 732 732 732 732 732 732 732
Cláusulas satisfeitas: 732/852 (85.9%)
Trail: 682 712 712 712 712 712 712 712 712 717 717 717 717 717 717 717 717 717 717 717
Cláusulas satisfeitas: 717/852 (84.2%)
Trail: 660 700 701 705 705 705 713 713 713 713 713 713 713 715 717 717 717 717 717 717
Cláusulas satisfeitas: 717/852 (84.2%)
Trail: 662 691 691 693 696 704 704 704 704 704 704 704 707 712 712 712 719 719 719 719
Cláusulas satisfeitas: 719/852 (84.4%)
Trail: 654 699 699 701 701 707 707 707 716 716 716 716 716 716 716 716 716 716 723 723
Cláusulas satisfeitas: 723/852 (84.9%)
Trail: 657 700 700 700 705 709 709 709 709 709 709 709 709 710 710 710 710 710 710 710
Cláusulas satisfeitas: 710/852 (83.3%)
Trail: 666 692 694 702 719 719 719 719 719 719 719 719 719 721 721 721 721 721 721 721
Cláusulas satisfeitas: 721/852 (84.6%)
Trail: 660 697 698 699 703 703 717 717 717 717 717 717 717 717 717 717 717 717 717 717
Cláusulas satisfeitas: 717/852 (84.2%)
Trail: 661 711 717 717 721 721 721 732 732 732 732 732 732 732 732 732 732 732 732 732
Cláusulas satisfeitas: 732/852 (85.9%)
Trail: 652 698 709 712 712 712 716 716 716 716 716 716 716 716 716 716 716 716 716 716
Cláusulas satisfeitas: 716/852 (84.0%)
-- Abordagem: --chaos 0.2
Trail: 671 671 671 671 671 671 671 671 671 671 671 671 671 671 671 671 671 671 671 671
Cláusulas satisfeitas: 674/852 (79.1%)
Trail: 660 660 660 660 662 668 668 668 668 668 668 668 670 670 670 670 670 670 670 670
Cláusulas satisfeitas: 676/852 (79.3%)
Trail: 665 665 665 665 665 665 665 665 665 665 665 665 665 665 666 666 666 666 666 667
Cláusulas satisfeitas: 678/852 (79.6%)
Trail: 661 664 664 664 664 664 664 664 664 664 664 664 664 670 670 670 672 672 672 672
Cláusulas satisfeitas: 674/852 (79.1%)
Trail: 663 664 664 664 664 664 664 664 664 664 664 664 667 669 669 669 669 669 669 669
Cláusulas satisfeitas: 672/852 (78.9%)
Trail: 662 662 662 663 663 663 663 663 663 663 663 663 663 663 663 663 663 663 663 665
Cláusulas satisfeitas: 671/852 (78.8%)
Trail: 671 671 671 671 671 671 671 671 671 671 671 671 671 671 671 671 671 671 671 671
Cláusulas satisfeitas: 671/852 (78.8%)
Trail: 666 666 666 666 666 666 666 666 667 667 667 667 667 667 667 667 667 667 667 667
Cláusulas satisfeitas: 670/852 (78.6%)
Trail: 660 660 660 660 660 660 665 665 665 675 675 675 675 684 684 684 684 684 684 684
Cláusulas satisfeitas: 684/852 (80.3%)
Trail: 657 659 663 663 663 663 663 663 663 663 663 663 663 663 663 663 663 663 663 665
Cláusulas satisfeitas: 669/852 (78.5%)
Trail: 656 660 660 660 660 660 660 660 660 660 660 662 662 662 662 662 662 662 662 662
Cláusulas satisfeitas: 668/852 (78.4%)
Trail: 672 672 672 672 672 672 672 672 672 672 672 672 672 672 672 672 672 672 672 672
Cláusulas satisfeitas: 672/852 (78.9%)
Trail: 669 669 669 669 669 669 669 669 669 669 669 669 669 669 669 669 669 669 669 669
Cláusulas satisfeitas: 676/852 (79.3%)
Trail: 673 673 673 673 673 673 673 673 673 673 673 673 673 674 674 674 674 674 674 674
Cláusulas satisfeitas: 681/852 (79.9%)
Trail: 648 658 658 658 658 658 660 660 660 660 660 660 664 667 667 667 667 667 667 670
Cláusulas satisfeitas: 680/852 (79.8%)
Trail: 655 662 662 662 662 662 662 662 662 666 666 666 666 666 666 666 666 666 666 666
Cláusulas satisfeitas: 668/852 (78.4%)
Trail: 664 664 664 664 664 664 664 664 664 664 664 664 664 664 664 666 666 671 671 671
Cláusulas satisfeitas: 671/852 (78.8%)
Trail: 659 659 665 665 665 665 665 665 669 669 669 669 669 669 669 670 670 670 670 670
Cláusulas satisfeitas: 677/852 (79.5%)
Trail: 655 656 656 657 657 660 660 663 663 663 663 675 675 675 675 675 675 675 675 675
Cláusulas satisfeitas: 675/852 (79.2%)
Trail: 656 656 666 666 667 667 667 667 667 667 671 672 672 672 672 672 672 672 672 672
Cláusulas satisfeitas: 678/852 (79.6%)
Trail: 670 670 670 670 670 670 670 670 670 670 670 670 670 670 670 670 670 670 670 670
Cláusulas satisfeitas: 673/852 (79.0%)
Trail: 669 669 669 669 669 669 669 669 669 669 669 669 669 669 669 672 672 672 672 672
Cláusulas satisfeitas: 672/852 (78.9%)
Trail: 659 659 659 665 668 668 668 668 668 668 668 668 668 672 672 672 672 672 672 672
Cláusulas satisfeitas: 673/852 (79.0%)
Trail: 664 664 664 664 664 664 664 667 667 667 669 669 669 669 669 669 669 669 669 670
Cláusulas satisfeitas: 677/852 (79.5%)
Trail: 654 658 658 660 662 662 662 662 662 663 668 668 668 673 673 673 673 673 673 673
Cláusulas satisfeitas: 673/852 (79.0%)
Trail: 660 661 664 664 668 668 668 668 668 672 672 672 672 672 672 672 672 672 672 672
Cláusulas satisfeitas: 672/852 (78.9%)
Trail: 661 661 662 662 664 664 664 664 664 664 664 664 664 664 664 664 664 664 669 669
Cláusulas satisfeitas: 671/852 (78.8%)
Trail: 659 660 660 662 667 667 667 667 667 667 667 667 667 667 667 667 667 667 667 667
Cláusulas satisfeitas: 667/852 (78.3%)
Trail: 668 668 669 669 673 673 673 673 673 673 673 673 673 673 673 673 673 673 673 673
Cláusulas satisfeitas: 681/852 (79.9%)
Trail: 669 669 670 674 674 674 674 674 674 674 674 674 674 674 674 674 674 674 674 674
Cláusulas satisfeitas: 674/852 (79.1%)
-- Abordagem: --uniforme 0.2
Trail: 667 667 667 667 667 667 667 667 670 670 670 670 670 670 670 670 670 670 670 670
Cláusulas satisfeitas: 672/852 (78.9%)
Trail: 656 657 657 657 659 659 659 659 659 659 659 659 659 659 659 662 662 667 667 667
Cláusulas satisfeitas: 672/852 (78.9%)
Trail: 657 657 657 657 657 657 657 657 657 664 664 664 664 664 666 666 666 666 666 666
Cláusulas satisfeitas: 667/852 (78.3%)
Trail: 666 666 666 666 666 666 666 666 666 666 666 666 666 666 666 666 666 666 667 667
Cláusulas satisfeitas: 672/852 (78.9%)
Trail: 673 673 673 673 673 673 673 673 673 673 673 673 673 673 673 673 673 673 673 673
Cláusulas satisfeitas: 674/852 (79.1%)
Trail: 662 665 665 665 665 665 665 665 665 665 665 665 665 665 665 665 665 667 667 669
Cláusulas satisfeitas: 672/852 (78.9%)
Trail: 664 664 664 664 664 664 664 665 665 672 672 672 672 672 672 672 672 672 672 672
Cláusulas satisfeitas: 672/852 (78.9%)
Trail: 663 663 663 663 663 663 663 663 663 663 664 667 671 671 671 671 671 671 671 671
Cláusulas satisfeitas: 676/852 (79.3%)
Trail: 667 667 667 667 667 667 667 667 667 667 667 667 667 667 667 667 667 667 667 667
Cláusulas satisfeitas: 667/852 (78.3%)
Trail: 662 662 662 666 666 666 666 666 666 666 666 666 666 666 666 666 666 666 666 666
Cláusulas satisfeitas: 669/852 (78.5%)
Trail: 668 668 668 668 668 668 668 673 673 673 673 673 673 673 673 673 673 673 673 673
Cláusulas satisfeitas: 676/852 (79.3%)
Trail: 656 656 656 656 656 660 660 664 664 664 664 664 664 664 664 664 664 664 664 664
Cláusulas satisfeitas: 668/852 (78.4%)
Trail: 657 660 660 660 660 660 660 660 660 660 660 663 663 663 663 663 663 663 663 664
Cláusulas satisfeitas: 668/852 (78.4%)
Trail: 669 669 669 669 669 669 669 672 672 672 672 672 672 672 673 673 673 673 673 673
Cláusulas satisfeitas: 673/852 (79.0%)
Trail: 670 670 670 670 670 670 670 670 670 670 670 670 670 670 670 670 670 670 670 670
Cláusulas satisfeitas: 670/852 (78.6%)
Trail: 659 659 660 660 660 666 669 669 669 669 669 669 669 669 669 669 669 669 669 669
Cláusulas satisfeitas: 680/852 (79.8%)
Trail: 669 669 669 669 669 669 669 669 669 669 669 669 669 669 669 669 669 669 669 669
Cláusulas satisfeitas: 676/852 (79.3%)
Trail: 668 668 668 670 670 670 670 670 670 670 670 670 670 670 670 670 670 670 670 670
Cláusulas satisfeitas: 670/852 (78.6%)
Trail: 673 673 673 673 673 676 676 676 676 676 676 676 676 676 676 676 676 676 676 676
Cláusulas satisfeitas: 677/852 (79.5%)
Trail: 675 675 675 675 675 675 675 675 675 675 675 675 675 675 675 675 675 675 675 675
Cláusulas satisfeitas: 677/852 (79.5%)
Trail: 665 665 665 665 665 666 666 666 666 666 666 666 666 666 666 666 666 666 667 667
Cláusulas satisfeitas: 677/852 (79.5%)
Trail: 659 662 666 666 666 666 666 666 666 666 666 666 666 666 666 669 669 669 669 669
Cláusulas satisfeitas: 669/852 (78.5%)
Trail: 657 657 661 663 663 666 666 666 666 668 668 668 668 668 668 668 668 668 668 668
Cláusulas satisfeitas: 673/852 (79.0%)
Trail: 672 672 672 672 672 672 672 672 672 672 672 672 672 672 672 672 672 672 672 672
Cláusulas satisfeitas: 672/852 (78.9%)
Trail: 673 673 673 673 673 673 673 673 673 673 673 673 673 673 673 673 673 673 673 673
Cláusulas satisfeitas: 680/852 (79.8%)
Trail: 670 670 670 670 670 670 670 670 670 670 670 670 670 670 670 670 670 670 670 670
Cláusulas satisfeitas: 670/852 (78.6%)
Trail: 666 669 669 669 669 669 669 669 669 669 669 669 669 669 669 669 669 669 671 679
Cláusulas satisfeitas: 679/852 (79.7%)
Trail: 676 676 676 676 676 676 676 676 676 676 676 676 676 676 676 676 676 676 676 676
Cláusulas satisfeitas: 676/852 (79.3%)
Trail: 660 662 665 665 666 666 666 666 676 676 678 678 678 678 678 678 678 678 678 678
Cláusulas satisfeitas: 681/852 (79.9%)
Trail: 666 666 666 666 666 666 666 666 666 666 666 666 666 666 666 673 673 673 677 677
Cláusulas satisfeitas: 683/852 (80.2%)
