-- Abordagem: --chaos 0.2 --search reckless --steps 1
Trail: 986 1045 1045 1045 1045 1048 1048 1049 1049 1049 1049 1049 1049 1049 1049 1050 1050 1050 1050 1050
Cláusulas satisfeitas: 1050/1278 (82.2%)
Trail: 981 1026 1029 1031 1033 1033 1033 1040 1040 1040 1041 1041 1041 1055 1056 1061 1061 1061 1061 1061
Cláusulas satisfeitas: 1061/1278 (83.0%)
Trail: 989 1047 1047 1051 1051 1051 1051 1051 1051 1053 1053 1058 1068 1068 1068 1068 1068 1068 1068 1068
Cláusulas satisfeitas: 1068/1278 (83.6%)
Trail: 987 1051 1055 1055 1062 1062 1062 1062 1062 1062 1062 1065 1065 1065 1065 1065 1065 1065 1065 1065
Cláusulas satisfeitas: 1065/1278 (83.3%)
Trail: 995 1024 1072 1072 1072 1072 1072 1072 1072 1072 1072 1072 1072 1072 1072 1072 1072 1072 1072 1072
Cláusulas satisfeitas: 1072/1278 (83.9%)
Trail: 986 1046 1046 1056 1056 1056 1056 1056 1056 1056 1056 1056 1056 1056 1056 1067 1067 1067 1067 1067
Cláusulas satisfeitas: 1067/1278 (83.5%)
Trail: 1002 1032 1032 1034 1053 1053 1053 1053 1053 1053 1053 1053 1053 1053 1053 1066 1066 1066 1066 1066
Cláusulas satisfeitas: 1066/1278 (83.4%)
Trail: 979 1046 1046 1046 1046 1046 1046 1050 1062 1062 1062 1062 1062 1062 1062 1062 1062 1062 1062 1062
Cláusulas satisfeitas: 1062/1278 (83.1%)
Trail: 984 1047 1049 1049 1049 1049 1049 1049 1060 1060 1061 1064 1064 1064 1064 1064 1064 1064 1064 1064
Cláusulas satisfeitas: 1064/1278 (83.3%)
Trail: 988 1032 1038 1042 1048 1048 1048 1048 1055 1055 1055 1055 1060 1070 1070 1070 1070 1070 1070 1070
Cláusulas satisfeitas: 1070/1278 (83.7%)
Trail: 979 1039 1041 1041 1041 1057 1057 1057 1057 1057 1057 1057 1057 1057 1057 1057 1057 1057 1057 1057
Cláusulas satisfeitas: 1057/1278 (82.7%)
Trail: 984 1036 1036 1046 1050 1053 1053 1053 1053 1053 1053 1053 1053 1053 1054 1054 1054 1054 1054 1054
Cláusulas satisfeitas: 1054/1278 (82.5%)
Trail: 993 1044 1044 1047 1047 1047 1052 1052 1052 1052 1055 1055 1055 1055 1059 1059 1059 1059 1059 1059
Cláusulas satisfeitas: 1059/1278 (82.9%)
Trail: 997 1039 1039 1041 1051 1051 1051 1062 1062 1062 1062 1062 1062 1062 1062 1062 1066 1066 1066 1066
Cláusulas satisfeitas: 1066/1278 (83.4%)
Trail: 987 1028 1037 1047 1047 1047 1063 1063 1063 1063 1063 1063 1063 1063 1070 1070 1070 1070 1070 1070
Cláusulas satisfeitas: 1070/1278 (83.7%)
Trail: 986 1031 1049 1049 1049 1049 1049 1049 1049 1049 1049 1049 1049 1051 1054 1054 1054 1054 1054 1054
Cláusulas satisfeitas: 1054/1278 (82.5%)
Trail: 994 1041 1041 1041 1041 1063 1063 1063 1063 1063 1063 1063 1063 1063 1063 1063 1063 1063 1063 1063
Cláusulas satisfeitas: 1063/1278 (83.2%)
Trail: 997 1028 1031 1042 1042 1042 1043 1049 1050 1050 1050 1064 1064 1064 1064 1064 1064 1064 1064 1064
Cláusulas satisfeitas: 1064/1278 (83.3%)
Trail: 992 1049 1049 1049 1049 1049 1049 1049 1049 1058 1058 1058 1058 1058 1058 1058 1058 1058 1058 1058
Cláusulas satisfeitas: 1058/1278 (82.8%)
Trail: 998 1054 1055 1055 1055 1066 1066 1066 1066 1066 1066 1066 1066 1066 1066 1066 1066 1066 1066 1072
Cláusulas satisfeitas: 1072/1278 (83.9%)
Trail: 995 1036 1040 1044 1048 1048 1051 1058 1058 1058 1058 1058 1058 1065 1065 1065 1065 1065 1065 1065
Cláusulas satisfeitas: 1065/1278 (83.3%)
Trail: 982 1036 1046 1046 1046 1046 1053 1053 1053 1053 1053 1053 1053 1053 1053 1053 1053 1053 1053 1054
Cláusulas satisfeitas: 1054/1278 (82.5%)
Trail: 991 1022 1026 1048 1048 1048 1048 1048 1048 1054 1054 1054 1054 1054 1054 1060 1060 1061 1061 1061
Cláusulas satisfeitas: 1061/1278 (83.0%)
Trail: 987 1043 1043 1043 1043 1043 1045 1045 1045 1045 1045 1045 1045 1045 1049 1049 1049 1049 1049 1049
Cláusulas satisfeitas: 1049/1278 (82.1%)
Trail: 981 1045 1056 1056 1056 1056 1056 1072 1072 1072 1072 1072 1072 1072 1072 1072 1072 1072 1072 1072
Cláusulas satisfeitas: 1072/1278 (83.9%)
Trail: 987 1031 1037 1038 1038 1046 1052 1053 1060 1060 1068 1068 1068 1068 1068 1072 1072 1072 1072 1072
Cláusulas satisfeitas: 1072/1278 (83.9%)
Trail: 981 1029 1031 1043 1043 1043 1044 1044 1047 1049 1049 1053 1053 1053 1054 1059 1068 1068 1068 1068
Cláusulas satisfeitas: 1068/1278 (83.6%)
Trail: 994 1032 1032 1038 1038 1038 1040 1046 1046 1046 1048 1052 1052 1052 1058 1058 1058 1058 1058 1058
Cláusulas satisfeitas: 1058/1278 (82.8%)
Trail: 993 1033 1039 1039 1039 1039 1053 1061 1061 1061 1061 1061 1061 1061 1061 1061 1061 1061 1061 1061
Cláusulas satisfeitas: 1061/1278 (83.0%)
Trail: 989 1034 1034 1037 1039 1039 1039 1039 1039 1042 1050 1050 1050 1050 1050 1051 1051 1051 1051 1055
Cláusulas satisfeitas: 1055/1278 (82.6%)
-- Abordagem: --chaos 0.2
Trail: 984 984 989 989 989 989 989 989 989 989 989 989 989 989 989 989 989 989 989 989
Cláusulas satisfeitas: 992/1278 (77.6%)
Trail: 988 988 988 988 988 988 988 988 988 988 988 988 988 988 988 988 988 988 988 988
Cláusulas satisfeitas: 1006/1278 (78.7%)
Trail: 989 990 990 990 990 993 997 997 997 997 997 997 997 997 997 997 997 997 997 997
Cláusulas satisfeitas: 1000/1278 (78.2%)
Trail: 994 994 994 994 994 994 995 995 995 995 995 995 995 995 995 995 995 995 1002 1002
Cláusulas satisfeitas: 1004/1278 (78.6%)
Trail: 987 987 987 987 987 987 987 991 991 991 991 991 991 991 991 991 991 991 991 991
Cláusulas satisfeitas: 1001/1278 (78.3%)
Trail: 987 987 987 987 987 987 987 987 987 987 987 987 991 991 991 991 991 991 991 991
Cláusulas satisfeitas: 1002/1278 (78.4%)
Trail: 994 994 994 994 994 994 1001 1001 1001 1001 1001 1001 1001 1001 1001 1001 1001 1001 1001 1001
Cláusulas satisfeitas: 1003/1278 (78.5%)
Trail: 1006 1006 1006 1006 1006 1006 1006 1006 1006 1006 1006 1006 1006 1006 1006 1006 1006 1006 1006 1006
Cláusulas satisfeitas: 1006/1278 (78.7%)
Trail: 984 984 984 984 984 986 986 986 986 986 986 986 988 989 998 998 998 998 998 998
Cláusulas satisfeitas: 998/1278 (78.1%)
Trail: 986 986 990 990 994 994 994 994 994 994 998 998 998 998 1002 1003 1007 1007 1007 1007
Cláusulas satisfeitas: 1007/1278 (78.8%)
Trail: 991 995 995 995 1000 1000 1000 1000 1000 1000 1000 1000 1000 1000 1000 1000 1000 1000 1006 1006
Cláusulas satisfeitas: 1006/1278 (78.7%)
Trail: 992 992 992 992 994 994 994 994 994 994 994 994 994 994 994 1007 1007 1007 1007 1007
Cláusulas satisfeitas: 1011/1278 (79.1%)
Trail: 987 987 987 987 987 993 999 999 999 999 999 999 999 999 999 999 999 999 999 999
Cláusulas satisfeitas: 1004/1278 (78.6%)
Trail: 987 987 987 991 991 996 996 996 996 996 996 996 996 996 996 996 996 996 996 996
Cláusulas satisfeitas: 996/1278 (77.9%)
Trail: 978 989 989 995 995 995 995 995 995 995 995 995 995 995 995 995 995 995 997 997
Cláusulas satisfeitas: 1010/1278 (79.0%)
Trail: 984 984 999 999 999 999 999 999 999 999 999 1003 1003 1003 1004 1004 1004 1004 1004 1004
Cláusulas satisfeitas: 1004/1278 (78.6%)
Trail: 991 991 991 991 991 991 991 991 991 991 991 997 997 997 997 997 997 997 997 997
Cláusulas satisfeitas: 997/1278 (78.0%)
Trail: 983 983 990 990 990 990 990 990 990 990 990 990 990 991 992 997 1005 1005 1005 1005
Cláusulas satisfeitas: 1005/1278 (78.6%)
Trail: 985 985 985 985 989 989 989 989 989 989 989 989 989 989 994 994 994 994 994 994
Cláusulas satisfeitas: 994/1278 (77.8%)
Trail: 998 998 998 998 998 998 998 998 998 998 998 998 998 998 998 998 998 998 998 998
Cláusulas satisfeitas: 998/1278 (78.1%)
Trail: 978 994 994 994 999 999 999 999 999 999 999 999 999 999 999 999 999 999 999 999
Cláusulas satisfeitas: 1006/1278 (78.7%)
Trail: 994 994 994 997 997 997 997 997 997 997 997 997 997 997 997 997 997 997 997 1002
Cláusulas satisfeitas: 1002/1278 (78.4%)
Trail: 990 990 990 990 990 990 990 990 1002 1002 1002 1002 1002 1002 1002 1002 1002 1002 1002 1002
Cláusulas satisfeitas: 1007/1278 (78.8%)
Trail: 984 996 996 996 996 1003 1003 1003 1003 1003 1003 1003 1003 1003 1003 1003 1003 1003 1003 1003
Cláusulas satisfeitas: 1003/1278 (78.5%)
Trail: 988 993 993 993 993 993 993 993 995 995 995 995 995 995 995 995 995 995 995 998
Cláusulas satisfeitas: 1015/1278 (79.4%)
Trail: 990 990 990 990 993 993 993 993 993 993 993 999 999 999 999 999 999 999 999 999
Cláusulas satisfeitas: 1006/1278 (78.7%)
Trail: 1000 1000 1000 1000 1000 1000 1000 1000 1000 1000 1000 1000 1000 1000 1000 1000 1000 1000 1000 1000
Cláusulas satisfeitas: 1020/1278 (79.8%)
Trail: 990 990 990 990 990 993 993 995 995 995 997 997 997 997 998 998 998 998 998 998
Cláusulas satisfeitas: 998/1278 (78.1%)
Trail: 1005 1005 1005 1005 1005 1005 1005 1005 1005 1005 1005 1005 1005 1005 1005 1005 1005 1005 1005 1005
Cláusulas satisfeitas: 1007/1278 (78.8%)
Trail: 999 999 1000 1006 1006 1006 1006 1006 1006 1006 1006 1006 1006 1006 1006 1006 1006 1006 1006 1006
Cláusulas satisfeitas: 1011/1278 (79.1%)
-- Abordagem: --uniforme 0.2
Trail: 997 997 997 997 1003 1003 1003 1003 1003 1003 1003 1003 1003 1003 1003 1003 1003 1003 1003 1003
Cláusulas satisfeitas: 1003/1278 (78.5%)
Trail: 990 990 990 998 998 998 998 998 998 998 998 998 998 998 998 998 998 998 998 1000
Cláusulas satisfeitas: 1000/1278 (78.2%)
Trail: 987 1000 1000 1000 1000 1000 1000 1003 1005 1005 1005 1005 1005 1005 1005 1005 1005 1005 1005 1005
Cláusulas satisfeitas: 1005/1278 (78.6%)
Trail: 991 991 991 991 991 991 991 991 991 991 991 991 991 991 991 991 991 991 993 993
Cláusulas satisfeitas: 1008/1278 (78.9%)
Trail: 987 987 990 990 990 991 991 991 991 991 991 992 996 996 996 997 997 997 999 999
Cláusulas satisfeitas: 1004/1278 (78.6%)
Trail: 997 997 997 997 997 997 997 997 997 997 997 997 997 997 997 997 997 997 998 998
Cláusulas satisfeitas: 998/1278 (78.1%)
Trail: 995 995 995 995 995 995 995 996 996 996 996 996 996 996 996 996 996 996 1003 1003
Cláusulas satisfeitas: 1032/1278 (80.8%)
Trail: 988 988 993 994 994 994 994 994 994 994 994 994 994 994 994 994 994 994 1003 1003
Cláusulas satisfeitas: 1007/1278 (78.8%)
Trail: 1009 1009 1009 1009 1009 1009 1009 1009 1009 1009 1009 1009 1009 1009 1009 1009 1009 1009 1009 1009
Cláusulas satisfeitas: 1013/1278 (79.3%)
Trail: 985 985 985 985 985 985 993 994 994 994 994 998 1002 1002 1002 1002 1002 1002 1002 1002
Cláusulas satisfeitas: 1004/1278 (78.6%)
Trail: 990 990 996 999 1003 1003 1003 1003 1003 1003 1003 1003 1003 1012 1012 1012 1012 1012 1012 1012
Cláusulas satisfeitas: 1012/1278 (79.2%)
Trail: 1008 1008 1008 1008 1008 1008 1008 1008 1008 1008 1008 1008 1008 1008 1008 1008 1008 1008 1008 1008
Cláusulas satisfeitas: 1008/1278 (78.9%)
Trail: 993 993 993 993 993 993 993 993 993 993 993 993 993 994 994 994 994 994 994 994
Cláusulas satisfeitas: 996/1278 (77.9%)
Trail: 990 1004 1004 1004 1004 1004 1004 1004 1004 1004 1004 1004 1004 1004 1004 1004 1004 1004 1004 1004
Cláusulas satisfeitas: 1004/1278 (78.6%)
Trail: 988 988 988 988 988 991 991 993 993 993 993 1002 1002 1002 1002 1002 1002 1002 1002 1002
Cláusulas satisfeitas: 1002/1278 (78.4%)
Trail: 997 997 997 997 997 997 997 997 997 997 997 997 997 997 997 997 997 997 997 997
Cláusulas satisfeitas: 997/1278 (78.0%)
Trail: 982 982 994 994 994 994 994 994 994 994 994 994 994 994 994 994 994 994 994 994
Cláusulas satisfeitas: 996/1278 (77.9%)
Trail: 996 996 996 996 996 996 996 996 996 996 996 996 996 996 996 996 996 996 996 996
Cláusulas satisfeitas: 997/1278 (78.0%)
Trail: 990 990 990 994 994 994 996 996 996 996 996 996 1001 1001 1001 1001 1001 1001 1001 1001
Cláusulas satisfeitas: 1002/1278 (78.4%)
Trail: 997 997 997 997 997 997 1000 1000 1000 1000 1004 1004 1009 1009 1009 1009 1009 1009 1009 1009
Cláusulas satisfeitas: 1009/1278 (79.0%)
Trail: 989 989 989 989 989 989 989 989 994 994 994 994 994 994 994 994 994 994 994 994
Cláusulas satisfeitas: 1000/1278 (78.2%)
Trail: 988 988 988 988 988 988 988 988 988 988 988 988 988 988 988 988 988 988 990 990
Cláusulas satisfeitas: 990/1278 (77.5%)
Trail: 982 984 984 988 988 988 988 988 988 988 988 990 990 990 990 990 990 990 990 990
Cláusulas satisfeitas: 990/1278 (77.5%)
Trail: 981 988 988 988 988 988 990 992 992 992 992 992 992 992 992 993 1001 1001 1001 1001
Cláusulas satisfeitas: 1003/1278 (78.5%)
Trail: 1006 1006 1006 1006 1006 1006 1006 1006 1006 1006 1006 1006 1006 1006 1006 1006 1006 1006 1006 1006
Cláusulas satisfeitas: 1006/1278 (78.7%)
Trail: 989 989 989 989 989 990 990 994 994 994 994 997 997 997 997 997 997 997 997 997
Cláusulas satisfeitas: 1003/1278 (78.5%)
Trail: 988 988 988 988 988 988 993 993 993 993 993 993 993 993 993 993 993 993 993 993
Cláusulas satisfeitas: 1002/1278 (78.4%)
Trail: 984 984 984 985 985 988 993 1000 1000 1000 1000 1000 1000 1000 1000 1000 1000 1000 1000 1000
Cláusulas satisfeitas: 1000/1278 (78.2%)
Trail: 987 987 987 988 989 989 989 989 989 989 989 989 989 989 989 989 990 990 996 996
Cláusulas satisfeitas: 1000/1278 (78.2%)
Trail: 986 986 986 986 987 991 991 991 991 991 991 991 991 991 991 991 991 991 995 995
Cláusulas satisfeitas: 1006/1278 (78.7%)
