-- Abordagem: --chaos 0.2 --search reckless --steps 1
Trail: 824 888 888 888 889 889 889 889 895 895 900 900 900 900 900 900 901 901 901 901
Cláusulas satisfeitas: 901/1065 (84.6%)
Trail: 825 877 879 882 882 898 908 908 908 908 908 908 908 908 908 908 908 908 908 908
Cláusulas satisfeitas: 908/1065 (85.3%)
Trail: 818 896 896 908 908 908 908 908 908 908 908 908 908 910 910 910 910 910 910 910
Cláusulas satisfeitas: 910/1065 (85.4%)
Trail: 833 877 885 885 888 891 900 900 905 905 905 905 905 905 905 905 905 909 909 909
Cláusulas satisfeitas: 909/1065 (85.4%)
Trail: 818 873 874 874 878 883 883 883 897 897 905 905 905 905 905 912 912 912 913 913
Cláusulas satisfeitas: 913/1065 (85.7%)
Trail: 821 879 881 881 884 884 889 889 897 898 906 906 906 906 906 906 906 906 906 906
Cláusulas satisfeitas: 906/1065 (85.1%)
Trail: 830 869 875 877 885 885 887 893 896 896 897 897 897 906 906 906 906 906 906 906
Cláusulas satisfeitas: 906/1065 (85.1%)
Trail: 838 887 887 887 893 893 902 902 902 902 902 902 902 902 902 902 902 906 915 915
Cláusulas satisfeitas: 915/1065 (85.9%)
Trail: 821 885 891 895 895 907 907 908 908 908 908 908 908 908 908 908 908 908 908 908
Cláusulas satisfeitas: 908/1065 (85.3%)
Trail: 824 888 888 889 892 899 899 899 905 905 905 905 905 905 905 905 905 905 905 905
Cláusulas satisfeitas: 905/1065 (85.0%)
Trail: 825 873 878 879 879 894 894 894 894 894 900 904 904 904 905 905 905 905 905 905
Cláusulas satisfeitas: 905/1065 (85.0%)
Trail: 832 878 902 902 902 902 902 902 902 902 902 902 902 902 902 904 904 904 908 908
Cláusulas satisfeitas: 908/1065 (85.3%)
Trail: 834 885 885 886 886 886 887 887 891 894 897 897 897 897 897 900 904 904 904 904
Cláusulas satisfeitas: 904/1065 (84.9%)
Trail: 829 879 884 900 902 905 905 905 905 905 905 914 914 914 914 914 914 914 914 914
Cláusulas satisfeitas: 914/1065 (85.8%)
Trail: 836 872 895 895 895 895 895 900 900 900 900 904 904 904 904 904 904 904 904 904
Cláusulas satisfeitas: 904/1065 (84.9%)
Trail: 825 874 880 899 899 899 899 899 910 911 911 914 914 914 914 914 914 914 914 914
Cláusulas satisfeitas: 914/1065 (85.8%)
Trail: 844 891 901 901 901 903 903 903 903 903 903 903 903 903 903 903 903 903 903 906
Cláusulas satisfeitas: 906/1065 (85.1%)
Trail: 822 888 888 888 888 888 888 888 888 888 905 905 905 905 905 907 907 907 907 907
Cláusulas satisfeitas: 907/1065 (85.2%)
Trail: 833 876 886 886 886 886 886 886 891 891 891 898 898 898 904 904 904 904 905 906
Cláusulas satisfeitas: 908/1065 (85.3%)
Trail: 838 892 892 893 893 895 895 897 902 902 902 905 905 905 906 917 917 917 917 917
Cláusulas satisfeitas: 917/1065 (86.1%)
Trail: 839 885 899 899 899 899 899 899 899 901 902 902 902 902 902 905 907 907 908 917
Cláusulas satisfeitas: 917/1065 (86.1%)
Trail: 825 873 902 902 914 916 916 916 916 916 916 916 916 916 916 916 916 916 916 916
Cláusulas satisfeitas: 916/1065 (86.0%)
Trail: 819 891 894 897 897 897 897 897 897 897 899 906 907 918 918 918 918 918 918 918
Cláusulas satisfeitas: 918/1065 (86.2%)
Trail: 816 862 881 892 892 892 892 892 916 916 916 916 916 916 916 916 916 916 916 916
Cláusulas satisfeitas: 916/1065 (86.0%)
Trail: 819 870 884 884 888 906 906 906 906 906 906 906 906 906 906 906 906 906 906 912
Cláusulas satisfeitas: 912/1065 (85.6%)
Trail: 829 879 888 888 888 888 888 889 891 891 897 904 904 904 906 906 906 906 906 906
Cláusulas satisfeitas: 906/1065 (85.1%)
Trail: 820 874 886 887 898 898 898 898 898 898 903 906 906 906 906 906 906 906 912 912
Cláusulas satisfeitas: 912/1065 (85.6%)
Trail: 809 874 874 889 889 896 896 896 909 918 918 918 918 918 918 918 918 918 918 918
Cláusulas satisfeitas: 918/1065 (86.2%)
Trail: 817 881 889 889 890 900 900 907 907 907 907 907 907 907 907 907 907 907 907 907
Cláusulas satisfeitas: 907/1065 (85.2%)
Trail: 840 870 902 902 902 902 902 902 902 902 902 902 902 902 902 902 902 902 902 902
Cláusulas satisfeitas: 902/1065 (84.7%)
-- Abordagem: --chaos 0.2
Trail: 826 827 827 827 827 827 827 827 831 831 831 831 831 831 831 831 831 831 832 832
Cláusulas satisfeitas: 835/1065 (78.4%)
Trail: 814 818 822 822 835 835 835 835 835 835 835 837 837 837 837 837 837 837 846 846
Cláusulas satisfeitas: 846/1065 (79.4%)
Trail: 831 831 831 831 831 831 831 831 831 831 831 831 831 831 831 831 831 831 831 835
Cláusulas satisfeitas: 843/1065 (79.2%)
Trail: 835 835 835 835 835 835 835 835 835 835 835 835 835 835 835 835 835 835 835 835
Cláusulas satisfeitas: 848/1065 (79.6%)
Trail: 825 830 830 830 830 830 830 830 830 830 830 830 832 832 832 832 832 832 832 832
Cláusulas satisfeitas: 832/1065 (78.1%)
Trail: 830 830 830 830 834 834 835 835 840 840 840 840 840 840 840 840 840 840 840 840
Cláusulas satisfeitas: 841/1065 (79.0%)
Trail: 839 839 839 839 839 839 839 839 839 839 839 839 839 839 839 839 839 839 839 839
Cláusulas satisfeitas: 839/1065 (78.8%)
Trail: 832 832 832 832 832 832 832 832 832 832 832 832 832 832 832 836 836 838 838 838
Cláusulas satisfeitas: 848/1065 (79.6%)
Trail: 824 824 824 824 833 833 833 833 833 833 833 833 833 833 833 833 833 833 833 833
Cláusulas satisfeitas: 833/1065 (78.2%)
Trail: 825 825 825 825 825 825 825 825 831 834 834 834 834 835 835 835 841 841 841 841
Cláusulas satisfeitas: 841/1065 (79.0%)
Trail: 821 827 836 836 836 836 836 836 836 836 836 836 836 836 836 836 836 836 836 836
Cláusulas satisfeitas: 845/1065 (79.3%)
Trail: 829 829 829 837 837 837 837 837 838 838 838 838 838 838 838 838 838 843 843 843
Cláusulas satisfeitas: 845/1065 (79.3%)
Trail: 849 849 849 849 849 849 849 849 849 849 849 849 849 849 849 849 849 849 849 849
Cláusulas satisfeitas: 849/1065 (79.7%)
Trail: 834 834 834 834 834 834 834 834 834 834 834 834 834 834 834 834 834 834 834 834
Cláusulas satisfeitas: 849/1065 (79.7%)
Trail: 842 842 842 842 842 842 842 842 842 842 842 842 842 842 842 846 846 846 846 846
Cláusulas satisfeitas: 859/1065 (80.7%)
Trail: 825 825 825 825 825 826 826 826 826 826 827 827 829 829 829 829 829 829 829 831
Cláusulas satisfeitas: 831/1065 (78.0%)
Trail: 817 823 824 826 826 827 828 831 832 832 832 832 832 832 834 834 840 840 840 840
Cláusulas satisfeitas: 840/1065 (78.9%)
Trail: 834 834 834 834 834 834 834 834 834 834 834 834 834 834 834 834 834 834 834 834
Cláusulas satisfeitas: 834/1065 (78.3%)
Trail: 824 825 825 826 826 826 826 826 826 826 826 826 832 832 833 833 833 833 833 833
Cláusulas satisfeitas: 852/1065 (80.0%)
Trail: 834 843 843 844 844 844 844 844 844 844 844 844 844 844 844 844 844 844 844 844
Cláusulas satisfeitas: 844/1065 (79.2%)
Trail: 839 839 839 839 839 839 839 839 839 839 839 839 839 839 839 839 839 839 839 839
Cláusulas satisfeitas: 839/1065 (78.8%)
Trail: 828 828 830 830 834 834 834 834 834 834 834 834 834 834 834 834 834 834 834 841
Cláusulas satisfeitas: 860/1065 (80.8%)
Trail: 833 833 833 833 833 833 833 833 833 833 833 833 833 833 841 841 841 841 841 841
Cláusulas satisfeitas: 841/1065 (79.0%)
Trail: 839 839 839 839 839 839 839 839 839 841 841 841 841 841 841 841 841 841 841 841
Cláusulas satisfeitas: 841/1065 (79.0%)
Trail: 822 829 829 829 829 829 829 829 829 829 829 829 829 829 829 829 829 829 829 829
Cláusulas satisfeitas: 842/1065 (79.1%)
Trail: 826 827 827 827 827 827 827 827 827 827 827 827 827 827 827 827 827 827 827 827
Cláusulas satisfeitas: 843/1065 (79.2%)
Trail: 820 827 827 827 842 842 842 842 842 842 842 842 842 842 842 842 842 842 842 842
Cláusulas satisfeitas: 842/1065 (79.1%)
Trail: 816 816 816 818 821 824 834 834 834 834 834 834 834 834 834 834 834 834 834 834
Cláusulas satisfeitas: 834/1065 (78.3%)
Trail: 822 822 822 824 837 837 837 839 839 839 839 839 839 839 839 839 839 839 839 839
Cláusulas satisfeitas: 839/1065 (78.8%)
Trail: 830 830 830 830 830 830 830 830 830 834 834 834 834 834 834 834 834 834 834 834
Cláusulas satisfeitas: 836/1065 (78.5%)
-- Abordagem: --uniforme 0.2
Trail: 829 829 829 829 829 832 833 836 836 836 836 836 836 836 836 836 836 836 836 836
Cláusulas satisfeitas: 838/1065 (78.7%)
Trail: 817 827 827 827 827 827 827 830 830 834 834 834 834 834 834 834 834 834 834 834
Cláusulas satisfeitas: 835/1065 (78.4%)
Trail: 824 824 824 824 829 829 829 829 829 829 829 829 829 829 829 829 829 829 829 829
Cláusulas satisfeitas: 832/1065 (78.1%)
Trail: 820 820 820 824 824 824 824 830 830 830 830 836 836 836 836 836 836 836 836 836
Cláusulas satisfeitas: 837/1065 (78.6%)
Trail: 831 832 840 840 840 840 840 840 840 840 840 840 840 840 840 840 840 840 840 840
Cláusulas satisfeitas: 840/1065 (78.9%)
Trail: 830 831 834 841 841 841 841 841 841 841 841 841 841 841 841 841 841 841 841 841
Cláusulas satisfeitas: 841/1065 (79.0%)
Trail: 827 827 833 833 833 833 833 833 833 838 838 838 838 838 838 838 838 838 838 838
Cláusulas satisfeitas: 842/1065 (79.1%)
Trail: 820 820 820 833 833 833 833 833 833 833 833 833 833 833 833 835 836 836 836 836
Cláusulas satisfeitas: 847/1065 (79.5%)
Trail: 825 825 825 826 832 832 832 833 833 833 833 833 833 833 833 833 833 833 837 838
Cláusulas satisfeitas: 839/1065 (78.8%)
Trail: 834 834 834 834 834 834 834 834 834 834 834 837 837 837 837 837 837 837 837 837
Cláusulas satisfeitas: 853/1065 (80.1%)
Trail: 832 832 832 832 832 832 832 832 832 832 832 832 832 832 832 832 832 832 832 832
Cláusulas satisfeitas: 834/1065 (78.3%)
Trail: 834 840 840 840 840 840 840 840 840 840 840 840 840 840 840 840 840 840 840 840
Cláusulas satisfeitas: 840/1065 (78.9%)
Trail: 827 827 827 827 831 831 831 843 843 843 843 843 843 843 843 843 843 843 843 843
Cláusulas satisfeitas: 843/1065 (79.2%)
Trail: 833 833 833 833 833 833 833 833 833 833 833 840 840 840 840 840 840 840 840 840
Cláusulas satisfeitas: 850/1065 (79.8%)
Trail: 822 827 836 836 836 836 836 836 836 836 836 836 836 836 836 836 836 836 836 836
Cláusulas satisfeitas: 837/1065 (78.6%)
Trail: 825 825 830 830 830 830 830 830 830 830 830 831 833 833 833 833 833 833 833 833
Cláusulas satisfeitas: 833/1065 (78.2%)
Trail: 823 823 823 823 825 825 826 826 826 826 826 826 826 826 826 826 826 828 828 831
Cláusulas satisfeitas: 840/1065 (78.9%)
Trail: 828 828 829 829 829 829 832 832 832 832 832 832 832 832 832 832 832 832 832 832
Cláusulas satisfeitas: 838/1065 (78.7%)
Trail: 822 822 828 828 828 828 828 828 828 828 828 828 828 828 828 830 832 832 832 832
Cláusulas satisfeitas: 848/1065 (79.6%)
Trail: 837 837 837 837 837 837 837 837 837 837 837 837 837 837 837 837 837 837 837 837
Cláusulas satisfeitas: 845/1065 (79.3%)
Trail: 833 833 833 833 833 833 833 833 833 833 833 833 833 839 839 839 839 839 839 839
Cláusulas satisfeitas: 839/1065 (78.8%)
Trail: 831 831 831 831 831 831 831 831 831 837 837 837 837 837 837 837 837 837 837 837
Cláusulas satisfeitas: 837/1065 (78.6%)
Trail: 819 819 822 825 825 825 825 826 826 826 826 828 834 834 834 834 834 836 836 836
Cláusulas satisfeitas: 842/1065 (79.1%)
Trail: 821 827 827 827 827 827 827 828 828 828 828 828 828 828 828 828 828 828 828 828
Cláusulas satisfeitas: 828/1065 (77.7%)
Trail: 826 835 840 840 840 840 840 840 840 840 840 840 840 840 840 840 840 840 840 840
Cláusulas satisfeitas: 840/1065 (78.9%)
Trail: 832 832 832 832 832 832 832 832 832 832 832 832 832 832 832 832 832 832 832 832
Cláusulas satisfeitas: 836/1065 (78.5%)
Trail: 825 829 829 829 829 830 830 830 830 830 830 832 832 832 832 832 832 832 832 832
Cláusulas satisfeitas: 835/1065 (78.4%)
Trail: 835 835 835 835 835 835 835 835 835 835 835 835 835 835 835 835 835 835 835 835
Cláusulas satisfeitas: 835/1065 (78.4%)
Trail: 838 838 838 838 838 838 838 838 838 838 838 838 838 838 838 838 838 838 838 838
Cláusulas satisfeitas: 851/1065 (79.9%)
Trail: 822 822 823 825 825 825 832 832 832 832 834 834 834 834 834 834 834 834 834 846
Cláusulas satisfeitas: 849/1065 (79.7%)
