-- Abordagem: --chaos 0.2 --search reckless --steps 1
Trail: 2768 2911 2922 2922 2922 2922 2926 2935 2938 2938 2938 2938 2938 2938 2938 2939 2941 2972 2972 2972
Cláusulas satisfeitas: 2972/3621 (82.1%)
Trail: 2795 2894 2903 2914 2919 2919 2927 2927 2927 2927 2927 2927 2927 2927 2932 2933 2937 2960 2960 2960
Cláusulas satisfeitas: 2960/3621 (81.7%)
Trail: 2788 2919 2922 2922 2922 2969 2969 2969 2969 2969 2969 2969 2969 2969 2969 2969 2969 2969 2969 2969
Cláusulas satisfeitas: 2969/3621 (82.0%)
Trail: 2765 2886 2930 2930 2931 2931 2931 2931 2941 2941 2941 2941 2968 2968 2968 2968 2968 2968 2968 2968
Cláusulas satisfeitas: 2968/3621 (82.0%)
Trail: 2763 2928 2928 2928 2928 2928 2928 2928 2932 2932 2932 2942 2942 2942 2942 2942 2943 2943 2950 2952
Cláusulas satisfeitas: 2952/3621 (81.5%)
Trail: 2771 2886 2902 2914 2914 2914 2924 2924 2924 2927 2927 2927 2927 2927 2927 2927 2941 2945 2945 2945
Cláusulas satisfeitas: 2945/3621 (81.3%)
Trail: 2770 2904 2921 2921 2921 2921 2921 2921 2923 2923 2935 2944 2944 2944 2944 2944 2944 2944 2944 2944
Cláusulas satisfeitas: 2944/3621 (81.3%)
Trail: 2777 2933 2933 2933 2940 2940 2940 2940 2940 2956 2956 2956 2956 2956 2956 2956 2956 2956 2956 2956
Cláusulas satisfeitas: 2956/3621 (81.6%)
Trail: 2756 2875 2880 2919 2919 2931 2943 2943 2943 2943 2947 2947 2948 2948 2954 2954 2966 2972 2975 2975
Cláusulas satisfeitas: 2975/3621 (82.2%)
Trail: 2760 2882 2886 2927 2927 2927 2929 2929 2932 2932 2932 2932 2932 2932 2932 2932 2934 2934 2934 2934
Cláusulas satisfeitas: 2934/3621 (81.0%)
Trail: 2767 2884 2905 2905 2905 2905 2910 2923 2923 2932 2932 2934 2935 2935 2938 2943 2943 2946 2946 2947
Cláusulas satisfeitas: 2947/3621 (81.4%)
Trail: 2779 2914 2914 2918 2929 2929 2938 2940 2958 2958 2958 2958 2958 2958 2958 2958 2958 2958 2958 2958
Cláusulas satisfeitas: 2958/3621 (81.7%)
Trail: 2791 2886 2888 2911 2911 2915 2915 2931 2931 2931 2953 2953 2953 2953 2953 2953 2953 2953 2953 2971
Cláusulas satisfeitas: 2971/3621 (82.0%)
Trail: 2760 2875 2911 2911 2911 2913 2913 2913 2913 2913 2913 2913 2913 2925 2926 2935 2935 2947 2947 2954
Cláusulas satisfeitas: 2954/3621 (81.6%)
Trail: 2755 2906 2913 2913 2920 2925 2925 2925 2931 2931 2952 2956 2956 2956 2956 2956 2956 2956 2956 2956
Cláusulas satisfeitas: 2956/3621 (81.6%)
Trail: 2776 2857 2879 2917 2917 2946 2946 2946 2946 2949 2949 2949 2949 2949 2949 2949 2955 2955 2955 2955
Cláusulas satisfeitas: 2955/3621 (81.6%)
Trail: 2759 2875 2880 2903 2903 2903 2908 2924 2924 2926 2926 2926 2932 2940 2941 2941 2946 2946 2947 2947
Cláusulas satisfeitas: 2947/3621 (81.4%)
Trail: 2775 2911 2911 2927 2927 2927 2927 2930 2930 2930 2939 2939 2939 2959 2959 2959 2959 2959 2959 2967
Cláusulas satisfeitas: 2967/3621 (81.9%)
Trail: 2760 2896 2910 2910 2910 2920 2920 2925 2932 2932 2945 2945 2945 2945 2945 2962 2966 2968 2968 2968
Cláusulas satisfeitas: 2968/3621 (82.0%)
Trail: 2778 2910 2910 2927 2927 2938 2946 2946 2946 2951 2951 2951 2951 2957 2957 2957 2957 2957 2957 2957
Cláusulas satisfeitas: 2957/3621 (81.7%)
Trail: 2762 2861 2924 2924 2924 2924 2924 2924 2924 2924 2924 2924 2943 2943 2943 2943 2943 2963 2963 2963
Cláusulas satisfeitas: 2963/3621 (81.8%)
Trail: 2778 2919 2935 2935 2935 2935 2935 2935 2935 2935 2935 2935 2935 2935 2938 2938 2938 2940 2949 2949
Cláusulas satisfeitas: 2949/3621 (81.4%)
Trail: 2767 2868 2893 2908 2908 2908 2912 2912 2912 2912 2914 2914 2929 2932 2939 2941 2941 2941 2941 2941
Cláusulas satisfeitas: 2941/3621 (81.2%)
Trail: 2768 2850 2903 2903 2923 2923 2923 2923 2923 2929 2929 2929 2929 2934 2934 2934 2934 2934 2938 2938
Cláusulas satisfeitas: 2938/3621 (81.1%)
Trail: 2764 2949 2949 2949 2949 2949 2949 2949 2949 2949 2949 2949 2949 2949 2949 2949 2949 2949 2949 2949
Cláusulas satisfeitas: 2949/3621 (81.4%)
Trail: 2784 2861 2875 2897 2916 2916 2916 2916 2916 2916 2916 2928 2928 2928 2928 2928 2928 2928 2928 2933
Cláusulas satisfeitas: 2933/3621 (81.0%)
Trail: 2766 2889 2907 2907 2912 2913 2935 2935 2935 2935 2935 2935 2935 2945 2953 2965 2965 2965 2977 2977
Cláusulas satisfeitas: 2977/3621 (82.2%)
Trail: 2767 2870 2882 2913 2913 2913 2933 2933 2941 2941 2941 2941 2941 2941 2941 2941 2941 2941 2941 2941
Cláusulas satisfeitas: 2941/3621 (81.2%)
Trail: 2783 2911 2911 2911 2911 2911 2917 2927 2932 2932 2932 2932 2940 2940 2943 2943 2943 2943 2943 2943
Cláusulas satisfeitas: 2943/3621 (81.3%)
Trail: 2786 2913 2928 2928 2928 2944 2944 2964 2964 2964 2964 2964 2964 2978 2978 2978 2978 2978 2978 2978
Cláusulas satisfeitas: 2978/3621 (82.2%)
-- Abordagem: --chaos 0.2
Trail: 2767 2767 2776 2776 2776 2776 2776 2776 2776 2776 2776 2776 2776 2776 2776 2776 2780 2785 2797 2797
Cláusulas satisfeitas: 2811/3621 (77.6%)
Trail: 2760 2760 2765 2791 2791 2791 2791 2791 2791 2791 2792 2801 2801 2801 2801 2801 2801 2801 2801 2801
Cláusulas satisfeitas: 2801/3621 (77.4%)
Trail: 2758 2758 2758 2758 2758 2764 2764 2774 2774 2774 2774 2792 2792 2792 2792 2792 2792 2792 2792 2792
Cláusulas satisfeitas: 2792/3621 (77.1%)
Trail: 2758 2758 2758 2758 2771 2771 2771 2771 2771 2771 2771 2771 2771 2771 2772 2780 2780 2780 2780 2780
Cláusulas satisfeitas: 2788/3621 (77.0%)
Trail: 2776 2776 2776 2790 2790 2790 2790 2790 2790 2790 2790 2790 2790 2790 2790 2790 2790 2790 2790 2790
Cláusulas satisfeitas: 2790/3621 (77.1%)
Trail: 2775 2775 2775 2775 2797 2797 2797 2797 2797 2797 2797 2797 2797 2797 2797 2797 2797 2797 2797 2797
Cláusulas satisfeitas: 2797/3621 (77.2%)
Trail: 2781 2781 2796 2796 2796 2796 2796 2796 2796 2796 2796 2796 2796 2796 2796 2796 2796 2796 2796 2796
Cláusulas satisfeitas: 2807/3621 (77.5%)
Trail: 2771 2771 2779 2779 2779 2779 2779 2779 2779 2779 2779 2779 2779 2780 2786 2786 2786 2787 2787 2787
Cláusulas satisfeitas: 2814/3621 (77.7%)
Trail: 2770 2770 2770 2770 2777 2777 2777 2797 2797 2797 2797 2797 2797 2797 2797 2797 2797 2797 2797 2797
Cláusulas satisfeitas: 2800/3621 (77.3%)
Trail: 2801 2801 2801 2801 2801 2801 2801 2801 2801 2801 2801 2801 2801 2801 2801 2801 2801 2801 2801 2801
Cláusulas satisfeitas: 2801/3621 (77.4%)
Trail: 2751 2752 2772 2785 2785 2785 2785 2785 2785 2785 2785 2785 2785 2785 2785 2785 2785 2798 2798 2798
Cláusulas satisfeitas: 2798/3621 (77.3%)
Trail: 2772 2778 2778 2778 2778 2778 2778 2778 2778 2779 2779 2779 2779 2779 2779 2780 2782 2782 2782 2782
Cláusulas satisfeitas: 2791/3621 (77.1%)
Trail: 2752 2752 2752 2757 2757 2757 2757 2778 2778 2778 2778 2778 2778 2778 2778 2778 2778 2778 2778 2778
Cláusulas satisfeitas: 2778/3621 (76.7%)
Trail: 2782 2782 2782 2782 2782 2782 2782 2782 2782 2782 2782 2782 2782 2782 2782 2782 2782 2782 2782 2782
Cláusulas satisfeitas: 2795/3621 (77.2%)
Trail: 2765 2765 2769 2770 2770 2770 2770 2770 2770 2770 2770 2777 2777 2777 2777 2777 2777 2777 2777 2777
Cláusulas satisfeitas: 2790/3621 (77.1%)
Trail: 2748 2767 2767 2767 2767 2767 2767 2767 2767 2773 2773 2773 2773 2773 2773 2773 2773 2773 2773 2773
Cláusulas satisfeitas: 2800/3621 (77.3%)
Trail: 2776 2776 2776 2776 2776 2776 2778 2784 2784 2784 2784 2784 2784 2784 2784 2784 2784 2784 2784 2784
Cláusulas satisfeitas: 2790/3621 (77.1%)
Trail: 2765 2768 2768 2768 2768 2768 2768 2768 2768 2768 2769 2769 2769 2769 2769 2769 2771 2772 2772 2772
Cláusulas satisfeitas: 2779/3621 (76.7%)
Trail: 2748 2748 2759 2759 2759 2759 2776 2778 2778 2782 2782 2782 2790 2790 2795 2795 2795 2795 2795 2795
Cláusulas satisfeitas: 2795/3621 (77.2%)
Trail: 2784 2784 2784 2784 2784 2784 2784 2784 2784 2784 2784 2784 2784 2784 2784 2784 2795 2795 2795 2795
Cláusulas satisfeitas: 2795/3621 (77.2%)
Trail: 2782 2782 2782 2782 2782 2782 2782 2782 2782 2782 2782 2782 2782 2782 2782 2782 2782 2782 2782 2782
Cláusulas satisfeitas: 2782/3621 (76.8%)
Trail: 2808 2808 2808 2808 2808 2808 2808 2808 2808 2808 2808 2808 2808 2808 2808 2808 2808 2808 2808 2808
Cláusulas satisfeitas: 2808/3621 (77.5%)
Trail: 2757 2765 2765 2771 2771 2771 2771 2771 2779 2779 2779 2779 2779 2779 2779 2779 2779 2779 2779 2779
Cláusulas satisfeitas: 2806/3621 (77.5%)
Trail: 2769 2769 2787 2787 2787 2787 2787 2787 2787 2787 2787 2787 2787 2787 2787 2787 2787 2787 2787 2787
Cláusulas satisfeitas: 2787/3621 (77.0%)
Trail: 2766 2766 2766 2766 2782 2782 2782 2782 2782 2782 2782 2782 2782 2782 2782 2782 2782 2782 2782 2782
Cláusulas satisfeitas: 2789/3621 (77.0%)
Trail: 2766 2766 2766 2766 2766 2766 2766 2766 2766 2769 2770 2770 2783 2783 2783 2793 2793 2806 2806 2806
Cláusulas satisfeitas: 2806/3621 (77.5%)
Trail: 2787 2787 2787 2787 2787 2787 2787 2787 2787 2787 2787 2787 2787 2787 2787 2787 2787 2787 2787 2787
Cláusulas satisfeitas: 2787/3621 (77.0%)
Trail: 2765 2765 2765 2765 2765 2765 2769 2769 2769 2769 2776 2776 2776 2776 2776 2776 2776 2777 2787 2787
Cláusulas satisfeitas: 2787/3621 (77.0%)
Trail: 2764 2764 2764 2764 2764 2764 2764 2764 2764 2764 2769 2776 2781 2791 2791 2791 2791 2791 2791 2791
Cláusulas satisfeitas: 2791/3621 (77.1%)
Trail: 2771 2793 2793 2793 2793 2793 2793 2798 2798 2798 2798 2798 2798 2798 2798 2799 2802 2802 2802 2802
Cláusulas satisfeitas: 2802/3621 (77.4%)
-- Abordagem: --uniforme 0.2
Trail: 2789 2789 2789 2789 2789 2789 2789 2789 2789 2789 2789 2789 2789 2789 2789 2789 2789 2789 2803 2803
Cláusulas satisfeitas: 2803/3621 (77.4%)
Trail: 2792 2792 2792 2792 2792 2792 2792 2792 2792 2792 2792 2792 2792 2792 2792 2792 2792 2792 2792 2792
Cláusulas satisfeitas: 2797/3621 (77.2%)
Trail: 2756 2756 2756 2756 2764 2765 2765 2765 2765 2773 2782 2782 2782 2782 2782 2782 2782 2782 2782 2782
Cláusulas satisfeitas: 2797/3621 (77.2%)
Trail: 2778 2783 2783 2783 2783 2783 2783 2789 2789 2789 2789 2789 2789 2789 2789 2789 2789 2789 2789 2796
Cláusulas satisfeitas: 2804/3621 (77.4%)
Trail: 2758 2770 2777 2777 2777 2777 2777 2777 2777 2777 2777 2777 2777 2777 2777 2777 2777 2777 2777 2777
Cláusulas satisfeitas: 2778/3621 (76.7%)
Trail: 2750 2750 2757 2762 2762 2762 2762 2768 2768 2773 2777 2777 2777 2777 2777 2777 2777 2777 2777 2777
Cláusulas satisfeitas: 2777/3621 (76.7%)
Trail: 2772 2772 2772 2772 2772 2772 2772 2772 2772 2772 2772 2772 2783 2783 2783 2783 2783 2783 2783 2783
Cláusulas satisfeitas: 2800/3621 (77.3%)
Trail: 2761 2766 2766 2766 2766 2766 2768 2769 2777 2794 2794 2814 2814 2814 2814 2814 2814 2814 2814 2814
Cláusulas satisfeitas: 2814/3621 (77.7%)
Trail: 2751 2751 2751 2751 2751 2751 2759 2759 2759 2759 2759 2764 2764 2764 2764 2764 2764 2764 2764 2782
Cláusulas satisfeitas: 2794/3621 (77.2%)
Trail: 2763 2781 2781 2781 2781 2781 2781 2781 2781 2781 2781 2781 2781 2781 2781 2781 2781 2781 2781 2781
Cláusulas satisfeitas: 2806/3621 (77.5%)
Trail: 2755 2761 2783 2783 2783 2788 2788 2788 2788 2790 2790 2790 2790 2790 2790 2790 2790 2790 2790 2790
Cláusulas satisfeitas: 2805/3621 (77.5%)
Trail: 2755 2755 2772 2772 2772 2772 2772 2772 2777 2778 2782 2782 2793 2793 2793 2793 2793 2793 2801 2801
Cláusulas satisfeitas: 2812/3621 (77.7%)
Trail: 2772 2772 2772 2772 2772 2772 2772 2772 2772 2772 2772 2772 2772 2779 2779 2779 2779 2779 2779 2779
Cláusulas satisfeitas: 2785/3621 (76.9%)
Trail: 2760 2760 2760 2760 2761 2772 2772 2774 2784 2784 2784 2784 2784 2784 2784 2784 2784 2784 2784 2784
Cláusulas satisfeitas: 2784/3621 (76.9%)
Trail: 2780 2780 2780 2780 2780 2780 2780 2780 2780 2780 2780 2780 2780 2780 2781 2783 2783 2805 2805 2805
Cláusulas satisfeitas: 2805/3621 (77.5%)
Trail: 2744 2753 2757 2781 2781 2781 2781 2781 2781 2781 2781 2781 2781 2786 2786 2786 2786 2786 2786 2788
Cláusulas satisfeitas: 2788/3621 (77.0%)
Trail: 2769 2769 2769 2769 2769 2769 2769 2769 2777 2777 2784 2784 2786 2786 2786 2786 2786 2786 2786 2786
Cláusulas satisfeitas: 2828/3621 (78.1%)
Trail: 2778 2778 2778 2778 2780 2782 2782 2782 2782 2782 2782 2782 2782 2782 2782 2782 2782 2782 2782 2782
Cláusulas satisfeitas: 2789/3621 (77.0%)
Trail: 2766 2766 2771 2771 2771 2771 2771 2771 2771 2771 2775 2775 2775 2782 2782 2782 2782 2785 2796 2796
Cláusulas satisfeitas: 2810/3621 (77.6%)
Trail: 2758 2758 2758 2763 2765 2765 2772 2773 2794 2794 2794 2798 2798 2798 2798 2798 2798 2798 2798 2798
Cláusulas satisfeitas: 2798/3621 (77.3%)
Trail: 2770 2770 2770 2770 2770 2773 2776 2776 2776 2776 2776 2776 2776 2776 2778 2778 2778 2778 2778 2778
Cláusulas satisfeitas: 2793/3621 (77.1%)
Trail: 2758 2758 2758 2758 2766 2766 2766 2766 2766 2766 2767 2778 2778 2778 2778 2778 2778 2778 2778 2778
Cláusulas satisfeitas: 2785/3621 (76.9%)
Trail: 2742 2744 2750 2750 2754 2761 2766 2766 2766 2766 2766 2768 2778 2778 2778 2778 2778 2778 2778 2778
Cláusulas satisfeitas: 2793/3621 (77.1%)
Trail: 2748 2749 2752 2759 2759 2759 2759 2759 2759 2759 2759 2759 2759 2759 2759 2759 2759 2759 2759 2769
Cláusulas satisfeitas: 2782/3621 (76.8%)
Trail: 2762 2767 2767 2767 2774 2786 2786 2786 2786 2786 2786 2786 2786 2786 2786 2786 2786 2786 2786 2786
Cláusulas satisfeitas: 2786/3621 (76.9%)
Trail: 2764 2764 2769 2769 2769 2769 2769 2779 2779 2779 2779 2779 2779 2779 2779 2779 2779 2779 2779 2779
Cláusulas satisfeitas: 2784/3621 (76.9%)
Trail: 2790 2790 2790 2790 2790 2790 2790 2790 2790 2790 2790 2790 2790 2790 2790 2790 2790 2790 2790 2790
Cláusulas satisfeitas: 2794/3621 (77.2%)
Trail: 2768 2775 2775 2775 2775 2775 2775 2775 2776 2784 2784 2784 2784 2784 2784 2784 2784 2784 2784 2784
Cláusulas satisfeitas: 2784/3621 (76.9%)
Trail: 2801 2801 2801 2801 2801 2801 2801 2801 2801 2801 2801 2801 2801 2801 2801 2801 2801 2801 2801 2801
Cláusulas satisfeitas: 2801/3621 (77.4%)
Trail: 2799 2799 2799 2799 2803 2803 2804 2804 2804 2804 2804 2804 2804 2804 2804 2804 2804 2804 2804 2804
Cláusulas satisfeitas: 2808/3621 (77.5%)
