-- Abordagem: --chaos 0.2 --search reckless --steps 1
Trail: 335 359 367 367 367 367 367 367 367 367 367 367 367 367 367 367 367 367 367 368
Cláusulas satisfeitas: 368/426 (86.4%)
Trail: 335 357 357 357 357 360 360 366 366 366 366 367 367 367 367 367 367 367 367 367
Cláusulas satisfeitas: 367/426 (86.2%)
Trail: 335 357 357 360 360 364 364 364 364 371 371 371 371 371 371 371 371 371 371 371
Cláusulas satisfeitas: 371/426 (87.1%)
Trail: 332 362 370 370 370 370 370 370 370 370 370 370 370 370 370 370 370 372 372 372
Cláusulas satisfeitas: 372/426 (87.3%)
Trail: 331 348 350 356 356 356 356 357 358 362 362 365 365 365 365 365 365 365 365 365
Cláusulas satisfeitas: 365/426 (85.7%)
Trail: 333 363 363 363 366 366 369 369 369 369 369 369 369 369 369 369 369 369 369 369
Cláusulas satisfeitas: 369/426 (86.6%)
Trail: 337 362 364 365 368 368 368 368 368 368 368 368 368 368 368 368 368 368 368 368
Cláusulas satisfeitas: 368/426 (86.4%)
Trail: 336 358 358 358 358 363 363 363 363 364 364 364 367 367 367 367 367 367 367 367
Cláusulas satisfeitas: 367/426 (86.2%)
Trail: 338 362 362 362 362 362 365 367 369 369 369 369 369 371 371 371 371 371 371 371
Cláusulas satisfeitas: 371/426 (87.1%)
Trail: 330 364 367 368 371 371 371 371 371 371 371 371 371 371 371 371 371 371 371 371
Cláusulas satisfeitas: 371/426 (87.1%)
Trail: 333 362 362 362 362 367 367 367 367 367 367 367 367 367 367 367 367 367 367 369
Cláusulas satisfeitas: 369/426 (86.6%)
Trail: 335 359 360 360 362 364 365 365 365 365 365 365 366 366 369 369 369 369 369 369
Cláusulas satisfeitas: 369/426 (86.6%)
Trail: 333 351 360 361 361 362 362 367 367 367 367 367 367 367 367 367 367 367 367 367
Cláusulas satisfeitas: 367/426 (86.2%)
Trail: 338 367 367 367 367 367 367 367 368 368 368 368 368 368 368 368 368 368 368 368
Cláusulas satisfeitas: 368/426 (86.4%)
Trail: 336 357 363 363 363 363 363 365 365 368 368 368 368 368 368 368 368 368 368 368
Cláusulas satisfeitas: 368/426 (86.4%)
Trail: 336 353 355 355 359 362 367 367 367 367 370 370 370 370 370 370 370 370 370 370
Cláusulas satisfeitas: 370/426 (86.9%)
Trail: 333 358 359 361 362 366 366 366 366 366 366 367 367 369 369 370 370 370 370 370
Cláusulas satisfeitas: 370/426 (86.9%)
Trail: 346 355 369 369 369 369 369 369 369 369 369 369 369 369 369 369 369 369 369 369
Cláusulas satisfeitas: 369/426 (86.6%)
Trail: 338 361 361 361 366 366 366 366 366 366 366 366 366 366 366 366 366 366 366 366
Cláusulas satisfeitas: 366/426 (85.9%)
Trail: 342 350 359 359 359 359 360 360 361 362 362 362 362 362 365 365 365 365 365 365
Cláusulas satisfeitas: 365/426 (85.7%)
Trail: 336 359 360 367 367 367 367 367 367 367 367 367 367 367 367 367 367 367 367 367
Cláusulas satisfeitas: 367/426 (86.2%)
Trail: 346 359 359 366 371 371 371 371 371 371 371 371 371 371 371 371 371 371 371 371
Cláusulas satisfeitas: 371/426 (87.1%)
Trail: 336 363 363 363 363 363 363 365 365 365 365 365 365 365 365 365 365 365 365 365
Cláusulas satisfeitas: 365/426 (85.7%)
Trail: 332 357 357 357 362 362 362 362 362 362 362 362 362 362 362 362 362 362 362 362
Cláusulas satisfeitas: 362/426 (85.0%)
Trail: 334 361 361 362 362 362 362 362 362 362 362 362 367 367 367 367 367 367 367 367
Cláusulas satisfeitas: 368/426 (86.4%)
Trail: 334 358 358 361 366 366 366 371 371 371 372 372 372 372 372 372 373 373 373 373
Cláusulas satisfeitas: 373/426 (87.6%)
Trail: 334 354 361 363 363 363 368 368 368 368 368 368 368 368 368 368 368 368 368 368
Cláusulas satisfeitas: 368/426 (86.4%)
Trail: 341 357 359 359 359 361 361 361 361 361 361 361 366 371 371 371 371 371 371 371
Cláusulas satisfeitas: 371/426 (87.1%)
Trail: 342 357 357 360 363 364 364 364 365 365 365 365 365 365 365 365 365 365 365 365
Cláusulas satisfeitas: 365/426 (85.7%)
Trail: 330 351 351 355 357 357 359 362 362 367 367 367 367 368 368 368 368 368 368 368
Cláusulas satisfeitas: 368/426 (86.4%)
-- Abordagem: --chaos 0.2
Trail: 331 331 332 336 338 338 338 338 339 339 339 339 340 340 340 340 340 340 340 340
Cláusulas satisfeitas: 342/426 (80.3%)
Trail: 330 342 342 342 342 342 342 342 342 342 342 342 342 342 342 342 342 342 342 342
Cláusulas satisfeitas: 342/426 (80.3%)
Trail: 336 336 336 336 336 336 336 336 336 336 338 338 340 340 340 340 340 346 346 346
Cláusulas satisfeitas: 346/426 (81.2%)
Trail: 339 339 339 339 339 339 339 339 339 339 339 339 339 339 339 341 341 341 341 341
Cláusulas satisfeitas: 341/426 (80.0%)
Trail: 336 336 338 338 340 340 340 340 340 340 340 340 340 340 340 340 340 340 340 340
Cláusulas satisfeitas: 341/426 (80.0%)
Trail: 338 338 338 338 338 338 338 338 338 338 338 338 338 338 338 338 338 338 338 340
Cláusulas satisfeitas: 345/426 (81.0%)
Trail: 332 335 335 337 337 337 337 337 337 343 343 343 343 343 343 343 343 343 343 343
Cláusulas satisfeitas: 344/426 (80.8%)
Trail: 328 332 332 332 332 333 333 333 334 338 338 338 338 338 338 338 338 338 338 338
Cláusulas satisfeitas: 342/426 (80.3%)
Trail: 337 337 337 337 337 337 338 338 338 338 338 338 338 338 338 338 338 338 346 346
Cláusulas satisfeitas: 346/426 (81.2%)
Trail: 335 335 335 335 335 335 335 338 338 342 342 342 342 342 342 342 342 342 342 342
Cláusulas satisfeitas: 342/426 (80.3%)
Trail: 337 337 337 337 337 337 337 337 337 337 337 337 337 337 341 341 341 341 341 342
Cláusulas satisfeitas: 343/426 (80.5%)
Trail: 336 337 337 337 337 337 337 337 337 337 337 337 337 337 340 341 341 341 342 343
Cláusulas satisfeitas: 344/426 (80.8%)
Trail: 333 334 334 335 339 339 339 339 339 339 344 344 344 344 344 344 344 344 344 344
Cláusulas satisfeitas: 344/426 (80.8%)
Trail: 339 339 339 339 339 339 339 339 341 341 341 341 341 341 341 341 341 341 341 341
Cláusulas satisfeitas: 341/426 (80.0%)
Trail: 343 343 343 343 343 343 343 343 343 343 343 343 343 343 343 343 343 343 343 343
Cláusulas satisfeitas: 343/426 (80.5%)
Trail: 343 343 343 343 343 343 343 343 343 343 343 343 343 343 343 343 343 343 343 344
Cláusulas satisfeitas: 347/426 (81.5%)
Trail: 332 332 334 334 335 339 344 344 344 344 344 344 344 344 344 344 344 344 344 344
Cláusulas satisfeitas: 347/426 (81.5%)
Trail: 338 338 340 340 345 345 345 345 345 345 345 345 345 345 345 345 345 345 345 345
Cláusulas satisfeitas: 345/426 (81.0%)
Trail: 332 333 333 334 334 335 337 337 337 337 337 337 337 337 337 338 338 338 338 338
Cláusulas satisfeitas: 343/426 (80.5%)
Trail: 337 337 337 337 337 337 337 337 338 338 338 338 338 338 338 338 338 338 338 338
Cláusulas satisfeitas: 343/426 (80.5%)
Trail: 336 339 339 339 339 339 339 339 339 339 339 339 340 340 340 340 340 340 340 340
Cláusulas satisfeitas: 342/426 (80.3%)
Trail: 336 339 339 339 340 340 340 340 340 342 342 342 342 342 342 342 344 344 344 344
Cláusulas satisfeitas: 344/426 (80.8%)
Trail: 330 330 330 337 337 337 337 337 337 337 337 339 339 339 339 339 340 340 340 340
Cláusulas satisfeitas: 341/426 (80.0%)
Trail: 332 332 338 338 338 338 338 338 339 339 339 339 339 339 339 339 339 339 339 339
Cláusulas satisfeitas: 343/426 (80.5%)
Trail: 338 339 339 339 339 339 339 339 339 339 339 339 340 340 340 340 340 340 340 340
Cláusulas satisfeitas: 342/426 (80.3%)
Trail: 328 331 331 331 333 341 341 341 341 341 341 341 343 343 343 343 343 343 343 343
Cláusulas satisfeitas: 343/426 (80.5%)
Trail: 334 334 334 334 334 334 334 334 334 334 334 334 334 334 334 336 336 336 336 336
Cláusulas satisfeitas: 342/426 (80.3%)
Trail: 333 335 335 335 335 335 339 339 339 339 339 339 339 339 340 340 340 340 340 340
Cláusulas satisfeitas: 346/426 (81.2%)
Trail: 335 335 335 335 335 338 338 338 338 338 338 338 339 339 342 342 342 342 342 342
Cláusulas satisfeitas: 342/426 (80.3%)
Trail: 339 339 339 339 339 339 339 340 340 340 340 340 340 340 340 340 340 343 350 350
Cláusulas satisfeitas: 350/426 (82.2%)
-- Abordagem: --uniforme 0.2
Trail: 335 335 335 335 335 335 335 335 336 337 337 337 340 340 340 340 340 340 342 342
Cláusulas satisfeitas: 344/426 (80.8%)
Trail: 334 334 337 337 340 340 340 340 340 340 340 341 341 343 343 343 343 343 343 343
Cláusulas satisfeitas: 343/426 (80.5%)
Trail: 346 346 346 346 346 346 346 346 346 346 346 346 346 346 346 346 346 346 346 346
Cláusulas satisfeitas: 346/426 (81.2%)
Trail: 335 339 341 341 341 341 341 341 341 341 341 341 341 341 349 349 349 349 349 349
Cláusulas satisfeitas: 349/426 (81.9%)
Trail: 333 333 333 334 334 337 337 339 339 339 339 339 339 339 339 339 339 339 339 340
Cláusulas satisfeitas: 346/426 (81.2%)
Trail: 332 336 336 336 336 338 338 338 338 338 338 339 339 339 339 339 339 339 339 339
Cláusulas satisfeitas: 345/426 (81.0%)
Trail: 345 345 345 345 345 345 345 345 345 345 345 345 345 345 345 345 345 345 345 345
Cláusulas satisfeitas: 349/426 (81.9%)
Trail: 334 336 341 341 341 341 341 341 341 341 341 341 341 341 341 341 341 346 346 346
Cláusulas satisfeitas: 347/426 (81.5%)
Trail: 338 338 338 338 338 338 338 338 338 338 338 338 338 338 338 338 339 339 339 339
Cláusulas satisfeitas: 347/426 (81.5%)
Trail: 341 341 341 341 341 341 341 341 341 341 341 341 341 341 341 341 341 341 341 341
Cláusulas satisfeitas: 344/426 (80.8%)
Trail: 331 331 334 336 336 336 336 336 336 336 336 336 336 336 336 338 338 338 342 342
Cláusulas satisfeitas: 342/426 (80.3%)
Trail: 339 339 339 339 339 339 339 339 339 339 339 343 343 343 343 343 343 343 343 343
Cláusulas satisfeitas: 344/426 (80.8%)
Trail: 332 333 333 333 333 333 333 333 335 335 335 335 339 339 339 339 339 339 340 340
Cláusulas satisfeitas: 340/426 (79.8%)
Trail: 341 341 341 341 341 341 341 341 341 341 341 341 341 341 341 341 341 341 341 341
Cláusulas satisfeitas: 341/426 (80.0%)
Trail: 331 337 337 337 337 343 343 343 343 343 343 343 343 343 343 343 343 343 343 343
Cláusulas satisfeitas: 348/426 (81.7%)
Trail: 334 338 338 343 343 343 343 343 343 343 343 343 343 343 343 343 343 343 343 343
Cláusulas satisfeitas: 348/426 (81.7%)
Trail: 336 336 336 336 336 336 336 336 336 336 336 336 336 336 336 336 339 339 339 339
Cláusulas satisfeitas: 341/426 (80.0%)
Trail: 334 334 334 335 335 335 337 337 338 338 338 338 338 338 338 338 338 338 338 338
Cláusulas satisfeitas: 340/426 (79.8%)
Trail: 338 338 338 338 338 338 338 338 338 338 342 342 342 342 342 342 342 342 342 342
Cláusulas satisfeitas: 342/426 (80.3%)
Trail: 338 338 338 338 339 339 339 339 339 339 339 339 339 339 339 339 339 339 339 339
Cláusulas satisfeitas: 339/426 (79.6%)
Trail: 346 346 346 346 346 346 346 346 346 346 346 346 346 346 346 346 346 346 346 346
Cláusulas satisfeitas: 346/426 (81.2%)
Trail: 336 338 338 338 338 338 338 338 338 338 338 338 338 338 338 338 338 338 338 338
Cláusulas satisfeitas: 342/426 (80.3%)
Trail: 338 338 338 339 339 340 340 340 344 344 344 344 344 344 344 344 344 344 344 344
Cláusulas satisfeitas: 344/426 (80.8%)
Trail: 334 334 334 336 340 340 340 340 340 340 340 340 340 340 340 340 340 340 340 340
Cláusulas satisfeitas: 345/426 (81.0%)
Trail: 333 333 334 338 338 338 338 342 342 342 342 342 342 342 342 342 342 342 342 342
Cláusulas satisfeitas: 343/426 (80.5%)
Trail: 331 331 334 336 336 336 337 338 338 338 338 338 338 338 338 338 338 339 339 339
Cláusulas satisfeitas: 339/426 (79.6%)
Trail: 339 339 339 339 339 339 339 339 339 339 339 339 339 339 339 339 339 339 339 339
Cláusulas satisfeitas: 346/426 (81.2%)
Trail: 336 336 336 336 336 336 336 336 336 336 336 338 338 338 338 341 341 341 341 341
Cláusulas satisfeitas: 343/426 (80.5%)
Trail: 340 340 343 343 343 343 343 343 343 343 343 343 343 343 343 343 343 343 343 343
Cláusulas satisfeitas: 343/426 (80.5%)
Trail: 337 339 339 339 339 339 342 342 342 342 342 342 342 342 342 342 342 342 342 342
Cláusulas satisfeitas: 342/426 (80.3%)
