-- Abordagem: --chaos 0.2 --search reckless --steps 1
Trail: 1651 1722 1722 1722 1735 1749 1749 1757 1757 1757 1757 1757 1757 1757 1757 1757 1757 1761 1765 1765
Cláusulas satisfeitas: 1765/2130 (82.9%)
Trail: 1644 1718 1721 1725 1725 1735 1735 1740 1740 1740 1740 1740 1740 1740 1741 1741 1741 1741 1747 1751
Cláusulas satisfeitas: 1751/2130 (82.2%)
Trail: 1647 1726 1726 1732 1737 1737 1737 1767 1767 1767 1767 1767 1767 1767 1767 1767 1767 1767 1767 1767
Cláusulas satisfeitas: 1767/2130 (83.0%)
Trail: 1630 1731 1733 1734 1744 1748 1748 1753 1753 1753 1753 1756 1793 1793 1793 1793 1793 1793 1793 1793
Cláusulas satisfeitas: 1793/2130 (84.2%)
Trail: 1634 1753 1753 1753 1753 1765 1765 1765 1765 1765 1765 1765 1765 1765 1765 1765 1765 1765 1765 1765
Cláusulas satisfeitas: 1765/2130 (82.9%)
Trail: 1621 1726 1726 1726 1729 1730 1733 1734 1742 1742 1742 1745 1745 1755 1756 1762 1762 1762 1762 1762
Cláusulas satisfeitas: 1762/2130 (82.7%)
Trail: 1650 1744 1744 1744 1744 1760 1760 1760 1760 1765 1765 1765 1765 1765 1765 1768 1779 1779 1779 1779
Cláusulas satisfeitas: 1779/2130 (83.5%)
Trail: 1630 1738 1738 1738 1738 1744 1748 1748 1748 1749 1749 1750 1751 1751 1751 1754 1754 1761 1761 1761
Cláusulas satisfeitas: 1772/2130 (83.2%)
Trail: 1624 1730 1730 1757 1757 1757 1757 1757 1757 1757 1757 1757 1757 1757 1757 1773 1773 1773 1773 1773
Cláusulas satisfeitas: 1773/2130 (83.2%)
Trail: 1635 1734 1734 1734 1734 1734 1734 1734 1748 1748 1748 1748 1748 1748 1754 1754 1761 1761 1762 1766
Cláusulas satisfeitas: 1766/2130 (82.9%)
Trail: 1645 1715 1730 1731 1732 1736 1739 1739 1739 1739 1739 1748 1753 1753 1753 1753 1753 1753 1753 1779
Cláusulas satisfeitas: 1779/2130 (83.5%)
Trail: 1642 1726 1726 1731 1737 1747 1747 1752 1752 1752 1752 1752 1752 1752 1752 1752 1752 1752 1752 1752
Cláusulas satisfeitas: 1752/2130 (82.3%)
Trail: 1635 1724 1724 1724 1733 1733 1733 1738 1738 1738 1741 1741 1743 1745 1765 1765 1765 1765 1765 1765
Cláusulas satisfeitas: 1765/2130 (82.9%)
Trail: 1627 1720 1724 1737 1742 1742 1742 1750 1750 1750 1757 1757 1757 1757 1757 1757 1757 1757 1757 1758
Cláusulas satisfeitas: 1758/2130 (82.5%)
Trail: 1645 1724 1724 1724 1732 1739 1739 1739 1767 1782 1782 1782 1782 1782 1782 1782 1782 1782 1786 1786
Cláusulas satisfeitas: 1786/2130 (83.8%)
Trail: 1632 1736 1736 1736 1736 1749 1756 1766 1771 1776 1776 1776 1776 1776 1776 1776 1776 1776 1776 1776
Cláusulas satisfeitas: 1776/2130 (83.4%)
Trail: 1630 1726 1730 1741 1741 1741 1748 1750 1750 1752 1752 1752 1752 1752 1756 1756 1756 1765 1773 1773
Cláusulas satisfeitas: 1773/2130 (83.2%)
Trail: 1659 1724 1725 1735 1735 1740 1740 1752 1752 1752 1762 1762 1762 1762 1762 1762 1762 1762 1762 1762
Cláusulas satisfeitas: 1762/2130 (82.7%)
Trail: 1632 1704 1725 1725 1773 1773 1773 1773 1773 1773 1773 1773 1773 1773 1782 1782 1782 1782 1782 1782
Cláusulas satisfeitas: 1782/2130 (83.7%)
Trail: 1627 1727 1727 1727 1729 1734 1737 1737 1750 1750 1750 1750 1750 1750 1750 1750 1754 1755 1771 1771
Cláusulas satisfeitas: 1771/2130 (83.1%)
Trail: 1632 1721 1723 1729 1741 1748 1790 1790 1790 1790 1790 1790 1790 1790 1790 1790 1790 1790 1790 1790
Cláusulas satisfeitas: 1790/2130 (84.0%)
Trail: 1642 1724 1724 1742 1758 1758 1758 1758 1758 1759 1759 1759 1759 1759 1759 1759 1759 1759 1759 1759
Cláusulas satisfeitas: 1759/2130 (82.6%)
Trail: 1626 1743 1743 1743 1743 1743 1743 1743 1743 1749 1749 1763 1763 1763 1763 1763 1763 1763 1763 1774
Cláusulas satisfeitas: 1774/2130 (83.3%)
Trail: 1628 1769 1769 1769 1769 1769 1769 1769 1769 1769 1769 1769 1769 1769 1769 1769 1769 1769 1769 1769
Cláusulas satisfeitas: 1769/2130 (83.1%)
Trail: 1644 1738 1738 1738 1738 1738 1746 1746 1748 1748 1768 1773 1773 1773 1773 1773 1773 1773 1773 1773
Cláusulas satisfeitas: 1773/2130 (83.2%)
Trail: 1634 1733 1745 1745 1745 1749 1749 1756 1756 1756 1756 1766 1766 1766 1777 1777 1777 1777 1777 1777
Cláusulas satisfeitas: 1777/2130 (83.4%)
Trail: 1642 1706 1738 1738 1738 1744 1744 1752 1752 1752 1752 1752 1752 1752 1752 1768 1768 1768 1768 1768
Cláusulas satisfeitas: 1768/2130 (83.0%)
Trail: 1628 1719 1743 1743 1743 1743 1743 1750 1753 1753 1761 1761 1761 1763 1763 1766 1766 1766 1766 1766
Cláusulas satisfeitas: 1766/2130 (82.9%)
Trail: 1631 1722 1722 1727 1734 1737 1753 1758 1758 1758 1758 1765 1765 1765 1765 1767 1767 1767 1767 1767
Cláusulas satisfeitas: 1767/2130 (83.0%)
Trail: 1627 1728 1740 1740 1740 1740 1740 1746 1752 1752 1752 1752 1752 1765 1765 1765 1765 1765 1765 1765
Cláusulas satisfeitas: 1765/2130 (82.9%)
-- Abordagem: --chaos 0.2
Trail: 1648 1648 1648 1648 1648 1648 1648 1648 1649 1657 1657 1663 1663 1663 1663 1663 1663 1663 1663 1663
Cláusulas satisfeitas: 1664/2130 (78.1%)
Trail: 1636 1642 1642 1642 1642 1642 1642 1644 1644 1644 1644 1644 1644 1644 1644 1644 1644 1644 1644 1644
Cláusulas satisfeitas: 1648/2130 (77.4%)
Trail: 1639 1639 1639 1639 1639 1639 1639 1639 1641 1641 1641 1641 1641 1641 1641 1641 1641 1641 1641 1641
Cláusulas satisfeitas: 1658/2130 (77.8%)
Trail: 1651 1651 1651 1651 1651 1651 1651 1651 1651 1651 1651 1651 1651 1651 1651 1651 1651 1651 1651 1657
Cláusulas satisfeitas: 1663/2130 (78.1%)
Trail: 1640 1640 1641 1641 1641 1641 1641 1641 1641 1642 1642 1650 1650 1650 1650 1650 1650 1650 1650 1650
Cláusulas satisfeitas: 1656/2130 (77.7%)
Trail: 1644 1644 1644 1644 1644 1644 1646 1655 1655 1656 1663 1663 1663 1663 1663 1663 1663 1663 1663 1663
Cláusulas satisfeitas: 1663/2130 (78.1%)
Trail: 1640 1640 1640 1640 1640 1641 1641 1641 1641 1641 1641 1641 1641 1641 1643 1643 1643 1643 1643 1643
Cláusulas satisfeitas: 1643/2130 (77.1%)
Trail: 1644 1644 1644 1644 1647 1647 1647 1647 1647 1647 1647 1647 1647 1647 1647 1647 1661 1661 1661 1661
Cláusulas satisfeitas: 1661/2130 (78.0%)
Trail: 1634 1634 1634 1634 1634 1636 1636 1636 1636 1636 1636 1640 1640 1640 1640 1647 1647 1647 1647 1647
Cláusulas satisfeitas: 1654/2130 (77.7%)
Trail: 1649 1649 1649 1649 1649 1649 1649 1649 1649 1649 1649 1649 1649 1649 1649 1649 1649 1649 1649 1649
Cláusulas satisfeitas: 1657/2130 (77.8%)
Trail: 1639 1639 1648 1648 1648 1648 1648 1648 1648 1648 1648 1648 1648 1648 1648 1648 1648 1648 1648 1648
Cláusulas satisfeitas: 1650/2130 (77.5%)
Trail: 1662 1662 1662 1662 1662 1662 1662 1662 1662 1662 1662 1662 1664 1664 1664 1664 1664 1664 1664 1664
Cláusulas satisfeitas: 1664/2130 (78.1%)
Trail: 1617 1625 1634 1634 1634 1634 1637 1637 1637 1637 1649 1649 1649 1649 1649 1649 1650 1650 1650 1650
Cláusulas satisfeitas: 1651/2130 (77.5%)
Trail: 1629 1629 1629 1629 1629 1629 1629 1630 1641 1641 1641 1641 1641 1641 1648 1648 1648 1648 1648 1648
Cláusulas satisfeitas: 1657/2130 (77.8%)
Trail: 1639 1639 1655 1655 1655 1655 1655 1655 1655 1655 1655 1655 1655 1655 1655 1655 1655 1655 1655 1655
Cláusulas satisfeitas: 1655/2130 (77.7%)
Trail: 1626 1635 1635 1640 1640 1640 1640 1640 1640 1642 1643 1643 1643 1643 1643 1643 1643 1643 1643 1643
Cláusulas satisfeitas: 1647/2130 (77.3%)
Trail: 1631 1631 1631 1631 1631 1631 1631 1637 1637 1637 1637 1637 1637 1641 1643 1643 1643 1643 1643 1643
Cláusulas satisfeitas: 1657/2130 (77.8%)
Trail: 1625 1625 1635 1635 1637 1638 1638 1638 1638 1640 1640 1640 1640 1640 1642 1642 1642 1642 1642 1658
Cláusulas satisfeitas: 1658/2130 (77.8%)
Trail: 1623 1639 1639 1644 1644 1644 1644 1644 1644 1644 1644 1646 1646 1646 1646 1646 1646 1646 1646 1646
Cláusulas satisfeitas: 1646/2130 (77.3%)
Trail: 1620 1626 1626 1626 1628 1628 1628 1628 1628 1628 1628 1628 1640 1640 1640 1640 1640 1640 1640 1640
Cláusulas satisfeitas: 1655/2130 (77.7%)
Trail: 1632 1632 1632 1632 1632 1632 1632 1637 1637 1637 1637 1647 1647 1647 1647 1647 1647 1647 1647 1647
Cláusulas satisfeitas: 1647/2130 (77.3%)
Trail: 1654 1654 1654 1654 1654 1654 1654 1654 1654 1654 1654 1654 1654 1654 1654 1654 1654 1654 1654 1654
Cláusulas satisfeitas: 1654/2130 (77.7%)
Trail: 1643 1643 1643 1643 1643 1644 1644 1644 1644 1644 1647 1647 1647 1647 1647 1647 1647 1647 1647 1647
Cláusulas satisfeitas: 1647/2130 (77.3%)
Trail: 1649 1649 1649 1649 1649 1649 1649 1649 1649 1649 1649 1649 1649 1659 1659 1659 1659 1659 1659 1659
Cláusulas satisfeitas: 1669/2130 (78.4%)
Trail: 1621 1622 1625 1630 1630 1630 1631 1640 1640 1640 1640 1640 1642 1651 1651 1651 1651 1651 1651 1651
Cláusulas satisfeitas: 1659/2130 (77.9%)
Trail: 1638 1649 1649 1649 1649 1649 1649 1649 1649 1649 1649 1649 1649 1649 1649 1649 1649 1649 1649 1649
Cláusulas satisfeitas: 1649/2130 (77.4%)
Trail: 1639 1639 1639 1639 1639 1649 1649 1649 1649 1649 1649 1649 1649 1649 1649 1649 1649 1649 1649 1649
Cláusulas satisfeitas: 1651/2130 (77.5%)
Trail: 1639 1642 1642 1642 1643 1648 1648 1648 1648 1648 1648 1648 1652 1652 1652 1652 1652 1652 1652 1652
Cláusulas satisfeitas: 1653/2130 (77.6%)
Trail: 1639 1639 1639 1639 1643 1645 1646 1654 1654 1654 1654 1654 1654 1654 1654 1654 1654 1654 1654 1654
Cláusulas satisfeitas: 1659/2130 (77.9%)
Trail: 1644 1644 1644 1644 1644 1644 1644 1644 1644 1644 1646 1650 1650 1650 1650 1650 1650 1650 1650 1650
Cláusulas satisfeitas: 1659/2130 (77.9%)
-- Abordagem: --uniforme 0.2
Trail: 1617 1636 1636 1636 1636 1636 1636 1636 1636 1636 1636 1636 1636 1638 1651 1651 1651 1651 1651 1651
Cláusulas satisfeitas: 1651/2130 (77.5%)
Trail: 1640 1644 1646 1646 1646 1646 1646 1646 1646 1646 1646 1646 1646 1646 1646 1646 1646 1646 1646 1646
Cláusulas satisfeitas: 1662/2130 (78.0%)
Trail: 1639 1639 1639 1639 1639 1639 1639 1641 1641 1641 1641 1641 1641 1641 1641 1641 1646 1646 1646 1646
Cláusulas satisfeitas: 1665/2130 (78.2%)
Trail: 1667 1667 1667 1667 1667 1667 1667 1667 1667 1667 1667 1667 1667 1667 1667 1667 1667 1667 1667 1667
Cláusulas satisfeitas: 1667/2130 (78.3%)
Trail: 1627 1628 1628 1635 1642 1642 1642 1642 1642 1642 1649 1649 1649 1649 1649 1649 1649 1650 1650 1650
Cláusulas satisfeitas: 1670/2130 (78.4%)
Trail: 1648 1648 1648 1648 1648 1648 1648 1648 1648 1648 1648 1648 1648 1648 1648 1648 1648 1653 1653 1653
Cláusulas satisfeitas: 1653/2130 (77.6%)
Trail: 1633 1633 1633 1633 1633 1633 1633 1639 1642 1657 1657 1657 1657 1657 1657 1657 1657 1657 1657 1657
Cláusulas satisfeitas: 1657/2130 (77.8%)
Trail: 1656 1656 1656 1656 1656 1656 1656 1656 1656 1656 1656 1656 1656 1656 1656 1656 1656 1656 1656 1656
Cláusulas satisfeitas: 1658/2130 (77.8%)
Trail: 1642 1642 1642 1642 1642 1642 1642 1642 1642 1642 1642 1642 1642 1646 1646 1658 1658 1658 1658 1658
Cláusulas satisfeitas: 1659/2130 (77.9%)
Trail: 1645 1656 1659 1659 1659 1659 1659 1659 1659 1659 1659 1659 1659 1659 1659 1659 1659 1659 1659 1659
Cláusulas satisfeitas: 1663/2130 (78.1%)
Trail: 1637 1637 1637 1637 1637 1637 1637 1637 1637 1637 1637 1637 1637 1637 1643 1643 1643 1643 1645 1646
Cláusulas satisfeitas: 1656/2130 (77.7%)
Trail: 1623 1634 1634 1635 1638 1642 1642 1648 1648 1648 1648 1648 1648 1648 1648 1648 1648 1648 1648 1658
Cláusulas satisfeitas: 1663/2130 (78.1%)
Trail: 1657 1657 1657 1658 1658 1658 1658 1658 1658 1664 1664 1664 1664 1664 1664 1664 1664 1664 1664 1664
Cláusulas satisfeitas: 1665/2130 (78.2%)
Trail: 1646 1646 1646 1646 1649 1649 1649 1649 1649 1649 1649 1649 1649 1649 1649 1649 1649 1649 1649 1649
Cláusulas satisfeitas: 1665/2130 (78.2%)
Trail: 1634 1634 1638 1638 1638 1638 1638 1638 1638 1651 1651 1651 1651 1657 1657 1657 1657 1657 1657 1657
Cláusulas satisfeitas: 1657/2130 (77.8%)
Trail: 1624 1624 1624 1624 1624 1627 1627 1627 1627 1644 1644 1644 1644 1644 1644 1644 1644 1644 1644 1644
Cláusulas satisfeitas: 1656/2130 (77.7%)
Trail: 1645 1645 1645 1645 1645 1645 1645 1645 1645 1645 1645 1645 1645 1645 1645 1645 1645 1645 1645 1645
Cláusulas satisfeitas: 1652/2130 (77.6%)
Trail: 1633 1633 1633 1633 1633 1640 1640 1640 1640 1640 1640 1640 1640 1641 1641 1641 1641 1641 1641 1641
Cláusulas satisfeitas: 1643/2130 (77.1%)
Trail: 1636 1636 1636 1636 1636 1636 1636 1646 1646 1646 1646 1646 1646 1646 1646 1646 1646 1646 1646 1646
Cláusulas satisfeitas: 1679/2130 (78.8%)
Trail: 1637 1637 1637 1637 1637 1637 1644 1644 1644 1644 1644 1644 1644 1644 1644 1644 1644 1644 1644 1644
Cláusulas satisfeitas: 1654/2130 (77.7%)
Trail: 1637 1644 1644 1644 1644 1648 1648 1652 1657 1657 1657 1657 1657 1657 1657 1657 1657 1657 1657 1657
Cláusulas satisfeitas: 1673/2130 (78.5%)
Trail: 1635 1635 1636 1636 1646 1646 1646 1646 1646 1646 1646 1646 1646 1646 1646 1647 1649 1649 1649 1649
Cláusulas satisfeitas: 1657/2130 (77.8%)
Trail: 1632 1632 1641 1641 1641 1641 1641 1641 1641 1643 1643 1646 1646 1646 1646 1646 1646 1646 1646 1646
Cláusulas satisfeitas: 1655/2130 (77.7%)
Trail: 1630 1630 1635 1635 1646 1646 1648 1661 1661 1661 1661 1662 1662 1662 1662 1662 1662 1662 1662 1662
Cláusulas satisfeitas: 1672/2130 (78.5%)
Trail: 1635 1635 1635 1635 1635 1635 1635 1635 1635 1635 1635 1635 1635 1635 1635 1635 1635 1635 1635 1635
Cláusulas satisfeitas: 1660/2130 (77.9%)
Trail: 1639 1639 1639 1641 1641 1645 1646 1646 1652 1652 1661 1661 1661 1661 1661 1661 1661 1661 1661 1661
Cláusulas satisfeitas: 1661/2130 (78.0%)
Trail: 1618 1627 1629 1634 1634 1634 1634 1634 1634 1634 1634 1638 1639 1639 1640 1658 1658 1658 1658 1658
Cláusulas satisfeitas: 1671/2130 (78.5%)
Trail: 1643 1643 1644 1644 1652 1652 1652 1652 1652 1652 1652 1652 1652 1652 1652 1652 1652 1652 1652 1652
Cláusulas satisfeitas: 1653/2130 (77.6%)
Trail: 1631 1631 1633 1635 1636 1641 1645 1645 1645 1645 1645 1645 1645 1645 1645 1645 1645 1645 1645 1645
Cláusulas satisfeitas: 1645/2130 (77.2%)
Trail: 1637 1637 1637 1637 1637 1637 1638 1647 1647 1647 1655 1655 1655 1655 1655 1655 1655 1655 1655 1655
Cláusulas satisfeitas: 1655/2130 (77.7%)
