-- Abordagem: --chaos 0.2 --search reckless --steps 1
Trail: 2118 2194 2229 2229 2229 2229 2252 2252 2252 2252 2263 2274 2274 2274 2274 2274 2274 2274 2274 2274
Cláusulas satisfeitas: 2274/2769 (82.1%)
Trail: 2117 2205 2244 2252 2274 2274 2274 2274 2274 2274 2274 2274 2274 2274 2274 2283 2283 2295 2295 2295
Cláusulas satisfeitas: 2295/2769 (82.9%)
Trail: 2110 2214 2222 2228 2259 2259 2259 2269 2269 2269 2269 2269 2269 2269 2269 2270 2270 2270 2270 2270
Cláusulas satisfeitas: 2270/2769 (82.0%)
Trail: 2146 2254 2254 2254 2254 2254 2254 2255 2265 2265 2265 2265 2265 2265 2265 2265 2265 2265 2265 2265
Cláusulas satisfeitas: 2265/2769 (81.8%)
Trail: 2110 2222 2253 2253 2253 2253 2253 2253 2253 2253 2253 2253 2253 2253 2253 2253 2266 2280 2280 2280
Cláusulas satisfeitas: 2280/2769 (82.3%)
Trail: 2108 2224 2256 2256 2256 2256 2256 2256 2256 2256 2256 2258 2258 2264 2266 2266 2266 2266 2266 2266
Cláusulas satisfeitas: 2266/2769 (81.8%)
Trail: 2127 2232 2232 2245 2263 2263 2263 2267 2284 2284 2284 2284 2284 2289 2291 2291 2291 2306 2306 2306
Cláusulas satisfeitas: 2306/2769 (83.3%)
Trail: 2133 2233 2233 2251 2254 2254 2254 2256 2256 2256 2256 2256 2256 2256 2256 2256 2256 2256 2256 2256
Cláusulas satisfeitas: 2256/2769 (81.5%)
Trail: 2119 2226 2235 2237 2241 2259 2259 2259 2259 2261 2287 2287 2287 2287 2287 2287 2287 2287 2287 2287
Cláusulas satisfeitas: 2287/2769 (82.6%)
Trail: 2107 2248 2248 2249 2268 2271 2271 2271 2271 2271 2273 2273 2273 2273 2273 2273 2273 2273 2273 2273
Cláusulas satisfeitas: 2273/2769 (82.1%)
Trail: 2131 2238 2243 2243 2247 2253 2253 2264 2264 2267 2270 2270 2270 2284 2284 2284 2284 2284 2284 2284
Cláusulas satisfeitas: 2284/2769 (82.5%)
Trail: 2123 2197 2229 2229 2229 2234 2238 2238 2245 2247 2247 2251 2252 2284 2284 2284 2284 2284 2284 2284
Cláusulas satisfeitas: 2284/2769 (82.5%)
Trail: 2122 2224 2234 2240 2255 2255 2255 2263 2263 2263 2263 2263 2263 2263 2263 2263 2263 2263 2267 2267
Cláusulas satisfeitas: 2267/2769 (81.9%)
Trail: 2117 2218 2230 2238 2238 2238 2238 2240 2249 2249 2249 2249 2249 2255 2259 2264 2264 2270 2270 2270
Cláusulas satisfeitas: 2270/2769 (82.0%)
Trail: 2123 2234 2234 2234 2234 2234 2234 2237 2254 2259 2259 2259 2259 2259 2268 2272 2272 2272 2272 2285
Cláusulas satisfeitas: 2285/2769 (82.5%)
Trail: 2128 2235 2235 2244 2244 2244 2244 2244 2244 2244 2245 2251 2256 2259 2278 2290 2290 2290 2290 2290
Cláusulas satisfeitas: 2290/2769 (82.7%)
Trail: 2120 2247 2247 2247 2247 2247 2248 2248 2248 2248 2248 2258 2258 2258 2258 2297 2297 2297 2297 2297
Cláusulas satisfeitas: 2297/2769 (83.0%)
Trail: 2117 2207 2207 2241 2247 2247 2250 2257 2257 2259 2259 2259 2259 2259 2283 2283 2283 2283 2283 2283
Cláusulas satisfeitas: 2283/2769 (82.4%)
Trail: 2128 2239 2259 2274 2274 2274 2274 2274 2274 2274 2274 2274 2274 2274 2274 2274 2274 2274 2274 2274
Cláusulas satisfeitas: 2274/2769 (82.1%)
Trail: 2134 2242 2251 2251 2255 2265 2283 2283 2287 2287 2287 2287 2287 2287 2287 2287 2287 2287 2287 2287
Cláusulas satisfeitas: 2287/2769 (82.6%)
Trail: 2112 2233 2251 2251 2251 2268 2268 2268 2268 2268 2268 2268 2268 2268 2268 2268 2268 2268 2268 2268
Cláusulas satisfeitas: 2268/2769 (81.9%)
Trail: 2110 2218 2219 2230 2235 2256 2257 2257 2257 2257 2259 2272 2272 2272 2272 2272 2275 2275 2275 2284
Cláusulas satisfeitas: 2284/2769 (82.5%)
Trail: 2112 2227 2230 2240 2240 2240 2240 2246 2246 2246 2246 2246 2253 2267 2275 2288 2288 2288 2288 2288
Cláusulas satisfeitas: 2288/2769 (82.6%)
Trail: 2120 2231 2231 2262 2262 2262 2262 2262 2262 2265 2270 2278 2278 2278 2278 2278 2278 2278 2278 2278
Cláusulas satisfeitas: 2278/2769 (82.3%)
Trail: 2119 2239 2246 2261 2261 2261 2261 2261 2290 2290 2290 2290 2290 2290 2290 2290 2290 2290 2290 2290
Cláusulas satisfeitas: 2290/2769 (82.7%)
Trail: 2124 2230 2230 2230 2230 2257 2257 2257 2257 2257 2257 2257 2260 2260 2260 2260 2260 2260 2266 2266
Cláusulas satisfeitas: 2266/2769 (81.8%)
Trail: 2107 2206 2239 2248 2248 2248 2260 2260 2282 2282 2282 2282 2282 2282 2282 2282 2282 2282 2282 2282
Cláusulas satisfeitas: 2282/2769 (82.4%)
Trail: 2114 2235 2242 2251 2251 2264 2264 2264 2264 2264 2264 2271 2271 2271 2271 2271 2289 2289 2305 2305
Cláusulas satisfeitas: 2305/2769 (83.2%)
Trail: 2128 2216 2236 2245 2246 2246 2263 2263 2266 2266 2266 2266 2266 2266 2266 2266 2266 2266 2266 2266
Cláusulas satisfeitas: 2266/2769 (81.8%)
Trail: 2128 2231 2239 2262 2262 2262 2262 2262 2268 2268 2291 2291 2291 2291 2291 2291 2291 2291 2291 2291
Cláusulas satisfeitas: 2291/2769 (82.7%)
-- Abordagem: --chaos 0.2
Trail: 2134 2134 2134 2134 2134 2134 2134 2134 2134 2134 2134 2134 2134 2134 2134 2134 2134 2134 2134 2134
Cláusulas satisfeitas: 2134/2769 (77.1%)
Trail: 2124 2124 2132 2132 2132 2132 2132 2132 2132 2132 2132 2132 2132 2132 2132 2140 2140 2140 2140 2140
Cláusulas satisfeitas: 2140/2769 (77.3%)
Trail: 2125 2135 2135 2135 2135 2135 2135 2135 2135 2135 2135 2137 2137 2139 2139 2139 2139 2139 2139 2139
Cláusulas satisfeitas: 2139/2769 (77.2%)
Trail: 2131 2131 2131 2131 2131 2131 2131 2131 2131 2131 2132 2132 2134 2134 2134 2134 2134 2134 2134 2139
Cláusulas satisfeitas: 2144/2769 (77.4%)
Trail: 2122 2122 2122 2122 2122 2122 2122 2122 2124 2124 2124 2124 2124 2135 2137 2137 2137 2137 2137 2137
Cláusulas satisfeitas: 2140/2769 (77.3%)
Trail: 2108 2108 2113 2113 2113 2113 2113 2116 2116 2116 2116 2130 2130 2130 2130 2130 2134 2134 2134 2134
Cláusulas satisfeitas: 2164/2769 (78.2%)
Trail: 2130 2130 2130 2138 2138 2138 2138 2138 2138 2138 2138 2141 2141 2141 2141 2141 2141 2141 2141 2141
Cláusulas satisfeitas: 2141/2769 (77.3%)
Trail: 2127 2127 2134 2134 2134 2134 2134 2134 2135 2142 2145 2145 2145 2145 2145 2145 2145 2145 2149 2152
Cláusulas satisfeitas: 2165/2769 (78.2%)
Trail: 2130 2130 2130 2130 2131 2131 2131 2131 2131 2131 2131 2131 2131 2131 2131 2131 2131 2134 2135 2135
Cláusulas satisfeitas: 2146/2769 (77.5%)
Trail: 2139 2139 2139 2139 2139 2139 2139 2139 2139 2139 2139 2144 2144 2144 2144 2148 2148 2148 2148 2148
Cláusulas satisfeitas: 2150/2769 (77.6%)
Trail: 2129 2129 2130 2130 2130 2130 2130 2130 2130 2130 2130 2130 2130 2130 2130 2130 2130 2130 2130 2130
Cláusulas satisfeitas: 2149/2769 (77.6%)
Trail: 2127 2127 2127 2127 2127 2127 2127 2127 2127 2127 2127 2127 2127 2127 2127 2127 2127 2127 2127 2127
Cláusulas satisfeitas: 2168/2769 (78.3%)
Trail: 2107 2107 2109 2109 2112 2112 2120 2120 2120 2130 2130 2130 2134 2134 2141 2141 2141 2141 2141 2146
Cláusulas satisfeitas: 2148/2769 (77.6%)
Trail: 2129 2129 2129 2129 2129 2129 2129 2129 2129 2129 2129 2129 2129 2129 2129 2129 2129 2129 2129 2129
Cláusulas satisfeitas: 2142/2769 (77.4%)
Trail: 2118 2118 2118 2118 2123 2123 2123 2123 2134 2134 2134 2134 2134 2134 2134 2134 2134 2136 2136 2136
Cláusulas satisfeitas: 2142/2769 (77.4%)
Trail: 2143 2143 2143 2143 2143 2143 2143 2143 2143 2143 2143 2143 2143 2143 2143 2143 2144 2144 2144 2144
Cláusulas satisfeitas: 2161/2769 (78.0%)
Trail: 2120 2127 2127 2134 2135 2135 2135 2135 2135 2135 2135 2135 2135 2141 2141 2141 2141 2141 2141 2141
Cláusulas satisfeitas: 2154/2769 (77.8%)
Trail: 2126 2128 2128 2133 2133 2133 2134 2134 2134 2134 2134 2134 2137 2137 2137 2137 2137 2137 2137 2137
Cláusulas satisfeitas: 2145/2769 (77.5%)
Trail: 2125 2125 2125 2125 2125 2125 2125 2125 2125 2125 2125 2131 2143 2143 2143 2143 2143 2143 2143 2143
Cláusulas satisfeitas: 2145/2769 (77.5%)
Trail: 2123 2123 2123 2123 2141 2141 2141 2141 2141 2141 2141 2141 2141 2141 2141 2141 2141 2141 2141 2141
Cláusulas satisfeitas: 2153/2769 (77.8%)
Trail: 2151 2151 2151 2151 2151 2151 2151 2151 2151 2151 2151 2151 2151 2151 2151 2151 2151 2151 2151 2151
Cláusulas satisfeitas: 2151/2769 (77.7%)
Trail: 2124 2124 2124 2124 2124 2124 2124 2124 2124 2124 2136 2136 2136 2136 2136 2136 2136 2136 2136 2136
Cláusulas satisfeitas: 2136/2769 (77.1%)
Trail: 2128 2128 2134 2134 2134 2134 2134 2134 2134 2134 2134 2134 2134 2141 2141 2143 2151 2151 2151 2151
Cláusulas satisfeitas: 2151/2769 (77.7%)
Trail: 2129 2131 2131 2131 2131 2131 2131 2131 2131 2131 2131 2131 2131 2131 2131 2131 2131 2131 2131 2131
Cláusulas satisfeitas: 2148/2769 (77.6%)
Trail: 2116 2132 2139 2141 2153 2153 2153 2153 2153 2153 2153 2153 2153 2153 2153 2153 2153 2153 2153 2153
Cláusulas satisfeitas: 2153/2769 (77.8%)
Trail: 2118 2123 2123 2125 2125 2125 2125 2125 2128 2128 2133 2133 2133 2133 2133 2133 2133 2133 2133 2137
Cláusulas satisfeitas: 2137/2769 (77.2%)
Trail: 2135 2135 2135 2135 2135 2135 2135 2135 2135 2135 2135 2135 2135 2138 2138 2151 2151 2151 2151 2151
Cláusulas satisfeitas: 2153/2769 (77.8%)
Trail: 2123 2123 2123 2123 2123 2123 2150 2150 2150 2150 2150 2150 2150 2150 2150 2150 2150 2150 2150 2150
Cláusulas satisfeitas: 2150/2769 (77.6%)
Trail: 2153 2153 2153 2153 2153 2153 2153 2153 2154 2154 2154 2154 2154 2154 2154 2154 2154 2154 2154 2154
Cláusulas satisfeitas: 2154/2769 (77.8%)
Trail: 2129 2129 2129 2129 2129 2129 2129 2129 2129 2129 2129 2129 2129 2129 2129 2129 2129 2129 2129 2142
Cláusulas satisfeitas: 2152/2769 (77.7%)
-- Abordagem: --uniforme 0.2
Trail: 2149 2149 2149 2149 2149 2149 2149 2149 2149 2149 2149 2149 2149 2149 2149 2149 2149 2149 2149 2149
Cláusulas satisfeitas: 2149/2769 (77.6%)
Trail: 2129 2129 2131 2131 2131 2131 2136 2136 2136 2136 2136 2136 2136 2136 2136 2136 2136 2136 2136 2136
Cláusulas satisfeitas: 2159/2769 (78.0%)
Trail: 2124 2126 2126 2126 2134 2134 2134 2153 2153 2153 2153 2153 2153 2153 2153 2153 2153 2153 2153 2153
Cláusulas satisfeitas: 2153/2769 (77.8%)
Trail: 2126 2126 2126 2146 2146 2146 2146 2146 2148 2148 2148 2148 2148 2148 2148 2148 2148 2148 2148 2148
Cláusulas satisfeitas: 2148/2769 (77.6%)
Trail: 2118 2118 2118 2126 2130 2132 2132 2136 2136 2136 2136 2144 2144 2144 2144 2144 2144 2144 2144 2144
Cláusulas satisfeitas: 2144/2769 (77.4%)
Trail: 2130 2130 2136 2136 2136 2136 2136 2136 2136 2136 2136 2136 2136 2137 2137 2137 2137 2137 2137 2137
Cláusulas satisfeitas: 2141/2769 (77.3%)
Trail: 2128 2128 2128 2128 2128 2135 2150 2150 2150 2150 2150 2150 2150 2150 2150 2150 2150 2150 2150 2150
Cláusulas satisfeitas: 2151/2769 (77.7%)
Trail: 2131 2131 2131 2131 2131 2131 2131 2131 2131 2131 2131 2131 2131 2131 2131 2131 2131 2131 2131 2131
Cláusulas satisfeitas: 2136/2769 (77.1%)
Trail: 2129 2129 2129 2129 2129 2129 2129 2129 2129 2129 2129 2131 2131 2131 2131 2131 2131 2131 2131 2131
Cláusulas satisfeitas: 2150/2769 (77.6%)
Trail: 2125 2125 2125 2125 2125 2125 2125 2125 2125 2125 2125 2125 2125 2125 2125 2125 2125 2135 2135 2135
Cláusulas satisfeitas: 2158/2769 (77.9%)
Trail: 2116 2116 2116 2116 2126 2126 2126 2126 2126 2131 2131 2131 2131 2131 2131 2131 2131 2131 2131 2131
Cláusulas satisfeitas: 2137/2769 (77.2%)
Trail: 2110 2122 2122 2122 2127 2132 2132 2132 2132 2132 2132 2132 2132 2132 2132 2132 2132 2132 2132 2132
Cláusulas satisfeitas: 2144/2769 (77.4%)
Trail: 2107 2110 2110 2111 2117 2125 2125 2125 2125 2130 2130 2130 2130 2130 2130 2130 2130 2130 2130 2130
Cláusulas satisfeitas: 2145/2769 (77.5%)
Trail: 2116 2116 2119 2126 2128 2128 2128 2128 2128 2129 2129 2129 2129 2129 2129 2129 2129 2129 2129 2129
Cláusulas satisfeitas: 2144/2769 (77.4%)
Trail: 2121 2123 2123 2124 2124 2124 2124 2125 2125 2126 2126 2126 2126 2126 2126 2126 2126 2126 2126 2126
Cláusulas satisfeitas: 2129/2769 (76.9%)
Trail: 2129 2129 2129 2129 2129 2144 2144 2144 2144 2144 2144 2144 2144 2144 2144 2144 2144 2144 2144 2144
Cláusulas satisfeitas: 2144/2769 (77.4%)
Trail: 2119 2119 2119 2119 2127 2127 2141 2144 2144 2144 2144 2144 2144 2144 2144 2144 2144 2144 2144 2144
Cláusulas satisfeitas: 2148/2769 (77.6%)
Trail: 2131 2131 2131 2131 2131 2131 2131 2135 2138 2143 2143 2143 2143 2149 2149 2149 2149 2149 2149 2149
Cláusulas satisfeitas: 2156/2769 (77.9%)
Trail: 2151 2151 2151 2151 2151 2151 2151 2151 2151 2151 2151 2151 2151 2151 2151 2151 2151 2151 2151 2151
Cláusulas satisfeitas: 2151/2769 (77.7%)
Trail: 2129 2129 2129 2129 2129 2129 2136 2136 2136 2136 2136 2136 2136 2136 2136 2136 2139 2139 2139 2139
Cláusulas satisfeitas: 2139/2769 (77.2%)
Trail: 2118 2118 2118 2118 2120 2123 2123 2123 2123 2123 2123 2123 2124 2124 2141 2141 2141 2141 2141 2150
Cláusulas satisfeitas: 2150/2769 (77.6%)
Trail: 2114 2114 2114 2114 2114 2114 2115 2130 2130 2130 2130 2130 2130 2130 2130 2130 2130 2130 2130 2139
Cláusulas satisfeitas: 2142/2769 (77.4%)
Trail: 2120 2120 2120 2130 2130 2130 2130 2130 2135 2135 2135 2135 2135 2135 2135 2135 2135 2135 2135 2135
Cláusulas satisfeitas: 2146/2769 (77.5%)
Trail: 2134 2136 2136 2136 2136 2136 2136 2136 2136 2136 2136 2136 2136 2136 2136 2136 2136 2136 2136 2136
Cláusulas satisfeitas: 2154/2769 (77.8%)
Trail: 2123 2140 2140 2140 2140 2140 2140 2140 2140 2140 2140 2140 2140 2140 2140 2140 2140 2140 2140 2140
Cláusulas satisfeitas: 2141/2769 (77.3%)
Trail: 2130 2130 2130 2130 2130 2130 2130 2130 2130 2130 2130 2130 2130 2130 2130 2130 2130 2130 2130 2130
Cláusulas satisfeitas: 2144/2769 (77.4%)
Trail: 2118 2118 2118 2118 2118 2118 2118 2124 2124 2124 2126 2126 2126 2126 2144 2144 2144 2144 2144 2144
Cláusulas satisfeitas: 2144/2769 (77.4%)
Trail: 2111 2111 2111 2122 2122 2125 2125 2125 2131 2131 2131 2131 2131 2131 2131 2131 2131 2131 2131 2131
Cláusulas satisfeitas: 2138/2769 (77.2%)
Trail: 2125 2125 2125 2125 2125 2125 2125 2125 2125 2125 2125 2125 2125 2125 2125 2125 2125 2137 2137 2137
Cláusulas satisfeitas: 2167/2769 (78.3%)
Trail: 2127 2128 2128 2128 2128 2128 2128 2128 2128 2128 2128 2128 2128 2128 2128 2128 2128 2128 2128 2128
Cláusulas satisfeitas: 2132/2769 (77.0%)
