-- Abordagem: --chaos 0.2 --search reckless --steps 1
Trail: 2299 2409 2412 2424 2452 2452 2452 2452 2452 2452 2452 2452 2452 2472 2472 2472 2472 2472 2472 2472
Cláusulas satisfeitas: 2472/2982 (82.9%)
Trail: 2282 2412 2412 2412 2424 2426 2447 2447 2447 2447 2447 2447 2447 2470 2470 2470 2470 2470 2470 2470
Cláusulas satisfeitas: 2470/2982 (82.8%)
Trail: 2277 2396 2396 2396 2403 2410 2423 2429 2429 2429 2436 2439 2467 2467 2467 2467 2467 2467 2467 2467
Cláusulas satisfeitas: 2467/2982 (82.7%)
Trail: 2294 2415 2415 2415 2415 2415 2415 2426 2440 2440 2440 2440 2440 2447 2447 2447 2447 2447 2447 2447
Cláusulas satisfeitas: 2447/2982 (82.1%)
Trail: 2283 2390 2401 2424 2424 2424 2430 2430 2430 2430 2438 2438 2438 2438 2454 2454 2454 2454 2454 2469
Cláusulas satisfeitas: 2469/2982 (82.8%)
Trail: 2284 2437 2437 2444 2444 2444 2453 2453 2456 2456 2456 2456 2456 2456 2456 2456 2456 2456 2456 2456
Cláusulas satisfeitas: 2456/2982 (82.4%)
Trail: 2285 2390 2430 2430 2442 2442 2442 2442 2442 2442 2442 2447 2458 2461 2461 2461 2470 2470 2470 2470
Cláusulas satisfeitas: 2470/2982 (82.8%)
Trail: 2275 2398 2416 2438 2438 2438 2438 2438 2438 2443 2447 2463 2463 2463 2463 2463 2477 2477 2477 2477
Cláusulas satisfeitas: 2477/2982 (83.1%)
Trail: 2273 2404 2421 2434 2434 2434 2457 2457 2462 2462 2467 2467 2467 2467 2467 2467 2467 2467 2467 2467
Cláusulas satisfeitas: 2467/2982 (82.7%)
Trail: 2295 2412 2412 2412 2424 2424 2424 2424 2424 2424 2442 2442 2442 2442 2443 2443 2443 2443 2443 2443
Cláusulas satisfeitas: 2443/2982 (81.9%)
Trail: 2281 2389 2391 2423 2427 2427 2437 2437 2437 2439 2446 2446 2446 2446 2451 2451 2453 2453 2453 2453
Cláusulas satisfeitas: 2453/2982 (82.3%)
Trail: 2273 2407 2426 2426 2435 2435 2435 2435 2435 2435 2435 2435 2435 2435 2436 2436 2436 2436 2436 2450
Cláusulas satisfeitas: 2450/2982 (82.2%)
Trail: 2285 2401 2416 2416 2419 2429 2440 2448 2448 2457 2457 2457 2457 2457 2457 2457 2457 2457 2457 2457
Cláusulas satisfeitas: 2471/2982 (82.9%)
Trail: 2332 2452 2452 2452 2452 2452 2452 2452 2453 2453 2453 2453 2453 2453 2453 2453 2453 2466 2466 2466
Cláusulas satisfeitas: 2466/2982 (82.7%)
Trail: 2289 2427 2427 2427 2427 2427 2427 2429 2429 2437 2437 2437 2437 2439 2446 2446 2446 2451 2451 2451
Cláusulas satisfeitas: 2451/2982 (82.2%)
Trail: 2285 2394 2410 2414 2414 2421 2421 2427 2427 2427 2430 2433 2433 2437 2437 2446 2446 2446 2446 2459
Cláusulas satisfeitas: 2459/2982 (82.5%)
Trail: 2284 2405 2405 2420 2428 2445 2447 2452 2468 2468 2468 2468 2472 2472 2472 2472 2472 2472 2472 2472
Cláusulas satisfeitas: 2472/2982 (82.9%)
Trail: 2313 2399 2425 2425 2426 2426 2426 2442 2458 2465 2465 2465 2465 2465 2465 2465 2465 2465 2465 2465
Cláusulas satisfeitas: 2465/2982 (82.7%)
Trail: 2265 2405 2424 2424 2424 2424 2459 2459 2459 2459 2459 2459 2459 2459 2459 2459 2459 2459 2459 2459
Cláusulas satisfeitas: 2459/2982 (82.5%)
Trail: 2304 2416 2436 2436 2436 2436 2436 2436 2436 2436 2454 2454 2454 2454 2454 2454 2462 2462 2462 2462
Cláusulas satisfeitas: 2462/2982 (82.6%)
Trail: 2290 2417 2417 2417 2417 2422 2424 2429 2438 2446 2446 2455 2455 2455 2455 2458 2458 2458 2463 2463
Cláusulas satisfeitas: 2463/2982 (82.6%)
Trail: 2307 2423 2437 2437 2437 2437 2437 2437 2450 2460 2460 2460 2460 2460 2460 2460 2460 2460 2460 2460
Cláusulas satisfeitas: 2460/2982 (82.5%)
Trail: 2273 2456 2456 2456 2456 2456 2456 2456 2456 2456 2456 2456 2456 2456 2456 2456 2456 2456 2456 2456
Cláusulas satisfeitas: 2456/2982 (82.4%)
Trail: 2274 2408 2435 2435 2440 2440 2444 2444 2444 2444 2444 2444 2444 2444 2444 2444 2458 2458 2458 2458
Cláusulas satisfeitas: 2458/2982 (82.4%)
Trail: 2281 2382 2390 2404 2419 2419 2419 2438 2439 2445 2462 2477 2477 2477 2477 2477 2477 2477 2477 2477
Cláusulas satisfeitas: 2477/2982 (83.1%)
Trail: 2288 2416 2416 2416 2416 2440 2440 2440 2440 2440 2440 2440 2440 2449 2449 2449 2449 2458 2461 2461
Cláusulas satisfeitas: 2461/2982 (82.5%)
Trail: 2276 2418 2418 2435 2435 2435 2435 2435 2435 2435 2435 2435 2435 2448 2448 2448 2448 2448 2448 2449
Cláusulas satisfeitas: 2449/2982 (82.1%)
Trail: 2268 2393 2445 2445 2445 2445 2445 2445 2457 2457 2457 2457 2457 2457 2457 2457 2457 2457 2462 2462
Cláusulas satisfeitas: 2462/2982 (82.6%)
Trail: 2299 2408 2408 2409 2415 2415 2428 2433 2439 2453 2453 2453 2453 2453 2453 2453 2460 2460 2460 2460
Cláusulas satisfeitas: 2460/2982 (82.5%)
Trail: 2306 2412 2412 2436 2436 2438 2438 2450 2450 2450 2450 2450 2450 2450 2450 2450 2450 2450 2450 2450
Cláusulas satisfeitas: 2450/2982 (82.2%)
-- Abordagem: --chaos 0.2
Trail: 2300 2300 2300 2300 2300 2300 2300 2300 2300 2300 2300 2300 2300 2300 2300 2300 2300 2300 2300 2300
Cláusulas satisfeitas: 2300/2982 (77.1%)
Trail: 2303 2303 2303 2303 2303 2303 2303 2303 2303 2303 2303 2303 2303 2303 2303 2303 2303 2303 2303 2303
Cláusulas satisfeitas: 2315/2982 (77.6%)
Trail: 2272 2286 2286 2286 2286 2286 2286 2286 2290 2294 2294 2294 2294 2294 2294 2294 2294 2294 2294 2294
Cláusulas satisfeitas: 2308/2982 (77.4%)
Trail: 2275 2275 2280 2280 2285 2285 2285 2285 2285 2285 2285 2285 2285 2285 2285 2285 2285 2287 2287 2287
Cláusulas satisfeitas: 2336/2982 (78.3%)
Trail: 2290 2290 2290 2290 2290 2290 2290 2290 2290 2290 2290 2290 2290 2293 2308 2308 2308 2308 2308 2308
Cláusulas satisfeitas: 2325/2982 (78.0%)
Trail: 2275 2279 2279 2279 2279 2279 2279 2279 2279 2279 2279 2279 2282 2282 2282 2282 2282 2292 2292 2292
Cláusulas satisfeitas: 2304/2982 (77.3%)
Trail: 2282 2282 2289 2289 2289 2289 2289 2289 2289 2289 2289 2289 2291 2302 2302 2302 2305 2305 2305 2305
Cláusulas satisfeitas: 2315/2982 (77.6%)
Trail: 2296 2296 2296 2296 2296 2296 2296 2296 2297 2297 2297 2297 2297 2300 2300 2300 2300 2300 2300 2300
Cláusulas satisfeitas: 2300/2982 (77.1%)
Trail: 2277 2277 2285 2285 2285 2285 2285 2297 2297 2303 2303 2303 2303 2303 2303 2303 2303 2303 2303 2303
Cláusulas satisfeitas: 2303/2982 (77.2%)
Trail: 2287 2303 2303 2303 2303 2303 2303 2303 2303 2303 2303 2303 2303 2303 2303 2307 2307 2307 2307 2307
Cláusulas satisfeitas: 2319/2982 (77.8%)
Trail: 2274 2283 2283 2283 2283 2283 2283 2286 2286 2286 2286 2286 2286 2286 2286 2286 2286 2286 2286 2286
Cláusulas satisfeitas: 2308/2982 (77.4%)
Trail: 2269 2269 2269 2282 2282 2282 2292 2299 2299 2299 2299 2299 2299 2299 2299 2299 2299 2299 2299 2299
Cláusulas satisfeitas: 2299/2982 (77.1%)
Trail: 2293 2293 2293 2293 2293 2296 2296 2296 2296 2296 2296 2296 2296 2296 2296 2296 2296 2296 2296 2296
Cláusulas satisfeitas: 2304/2982 (77.3%)
Trail: 2292 2292 2293 2293 2293 2293 2294 2294 2294 2294 2294 2298 2298 2298 2298 2298 2298 2298 2298 2298
Cláusulas satisfeitas: 2309/2982 (77.4%)
Trail: 2275 2275 2285 2288 2288 2288 2298 2304 2304 2304 2314 2314 2314 2314 2314 2314 2314 2314 2314 2314
Cláusulas satisfeitas: 2328/2982 (78.1%)
Trail: 2281 2283 2289 2292 2292 2292 2292 2292 2292 2292 2292 2292 2292 2292 2292 2292 2292 2295 2295 2299
Cláusulas satisfeitas: 2299/2982 (77.1%)
Trail: 2284 2286 2288 2303 2303 2303 2303 2303 2303 2303 2303 2303 2303 2303 2303 2303 2303 2303 2303 2303
Cláusulas satisfeitas: 2303/2982 (77.2%)
Trail: 2271 2271 2271 2279 2280 2281 2285 2288 2288 2288 2288 2294 2304 2304 2304 2304 2304 2304 2304 2304
Cláusulas satisfeitas: 2304/2982 (77.3%)
Trail: 2286 2286 2286 2290 2290 2290 2290 2290 2290 2290 2290 2290 2290 2291 2291 2291 2291 2291 2291 2291
Cláusulas satisfeitas: 2313/2982 (77.6%)
Trail: 2276 2276 2276 2280 2284 2285 2309 2309 2309 2309 2309 2309 2309 2309 2309 2309 2309 2309 2309 2309
Cláusulas satisfeitas: 2310/2982 (77.5%)
Trail: 2279 2279 2279 2281 2296 2296 2296 2296 2296 2296 2296 2296 2304 2311 2311 2311 2311 2311 2311 2311
Cláusulas satisfeitas: 2311/2982 (77.5%)
Trail: 2263 2280 2280 2280 2280 2280 2280 2280 2289 2289 2289 2289 2289 2289 2298 2307 2307 2307 2307 2308
Cláusulas satisfeitas: 2311/2982 (77.5%)
Trail: 2303 2303 2303 2303 2303 2303 2303 2303 2303 2303 2303 2303 2303 2303 2303 2303 2303 2303 2303 2303
Cláusulas satisfeitas: 2307/2982 (77.4%)
Trail: 2270 2271 2271 2282 2288 2288 2288 2289 2293 2293 2293 2293 2293 2293 2293 2293 2293 2293 2293 2293
Cláusulas satisfeitas: 2303/2982 (77.2%)
Trail: 2284 2302 2302 2302 2302 2302 2302 2302 2305 2319 2319 2319 2319 2319 2319 2319 2319 2319 2319 2319
Cláusulas satisfeitas: 2336/2982 (78.3%)
Trail: 2294 2307 2307 2307 2307 2309 2309 2309 2309 2313 2313 2313 2313 2313 2313 2313 2313 2313 2313 2313
Cláusulas satisfeitas: 2313/2982 (77.6%)
Trail: 2281 2281 2291 2291 2291 2291 2291 2291 2291 2291 2293 2295 2298 2298 2298 2298 2298 2298 2298 2298
Cláusulas satisfeitas: 2298/2982 (77.1%)
Trail: 2289 2298 2298 2298 2298 2298 2298 2298 2298 2298 2298 2298 2298 2298 2298 2298 2298 2298 2298 2299
Cláusulas satisfeitas: 2306/2982 (77.3%)
Trail: 2274 2274 2274 2281 2281 2284 2284 2284 2293 2293 2293 2293 2293 2302 2302 2302 2302 2302 2302 2302
Cláusulas satisfeitas: 2304/2982 (77.3%)
Trail: 2287 2287 2287 2287 2287 2287 2287 2287 2287 2287 2287 2290 2290 2290 2290 2290 2290 2290 2291 2293
Cláusulas satisfeitas: 2302/2982 (77.2%)
-- Abordagem: --uniforme 0.2
Trail: 2275 2283 2283 2283 2298 2298 2298 2298 2298 2298 2298 2298 2298 2298 2298 2298 2298 2298 2305 2305
Cláusulas satisfeitas: 2305/2982 (77.3%)
Trail: 2291 2291 2291 2291 2291 2291 2291 2291 2291 2291 2296 2296 2296 2296 2296 2296 2296 2296 2296 2296
Cláusulas satisfeitas: 2297/2982 (77.0%)
Trail: 2301 2301 2301 2301 2301 2301 2301 2301 2301 2301 2301 2301 2301 2301 2301 2301 2301 2301 2301 2301
Cláusulas satisfeitas: 2301/2982 (77.2%)
Trail: 2277 2282 2282 2290 2290 2290 2290 2305 2305 2305 2305 2305 2305 2305 2305 2305 2305 2305 2305 2305
Cláusulas satisfeitas: 2312/2982 (77.5%)
Trail: 2298 2298 2298 2298 2298 2298 2298 2298 2298 2298 2298 2298 2298 2298 2298 2298 2298 2298 2298 2298
Cláusulas satisfeitas: 2302/2982 (77.2%)
Trail: 2291 2291 2297 2297 2297 2297 2297 2297 2297 2297 2297 2297 2297 2297 2300 2300 2300 2300 2300 2300
Cláusulas satisfeitas: 2308/2982 (77.4%)
Trail: 2284 2284 2284 2285 2292 2292 2292 2292 2292 2292 2292 2292 2295 2296 2306 2306 2306 2306 2306 2306
Cláusulas satisfeitas: 2306/2982 (77.3%)
Trail: 2294 2294 2294 2294 2294 2294 2294 2294 2294 2294 2294 2294 2297 2303 2303 2303 2303 2303 2303 2303
Cláusulas satisfeitas: 2303/2982 (77.2%)
Trail: 2300 2300 2300 2300 2300 2300 2305 2307 2307 2307 2307 2307 2307 2307 2307 2307 2307 2307 2307 2307
Cláusulas satisfeitas: 2313/2982 (77.6%)
Trail: 2284 2284 2284 2284 2284 2284 2284 2286 2286 2286 2286 2286 2286 2286 2286 2286 2286 2295 2296 2296
Cláusulas satisfeitas: 2306/2982 (77.3%)
Trail: 2285 2299 2308 2314 2314 2314 2314 2314 2314 2314 2314 2314 2314 2314 2314 2314 2314 2314 2314 2314
Cláusulas satisfeitas: 2329/2982 (78.1%)
Trail: 2273 2273 2273 2273 2282 2282 2282 2283 2290 2290 2290 2290 2290 2290 2290 2295 2295 2295 2295 2295
Cláusulas satisfeitas: 2314/2982 (77.6%)
Trail: 2293 2293 2293 2297 2297 2297 2297 2297 2297 2297 2297 2297 2297 2297 2297 2297 2297 2297 2297 2297
Cláusulas satisfeitas: 2309/2982 (77.4%)
Trail: 2278 2278 2285 2285 2286 2287 2287 2287 2287 2287 2287 2292 2292 2292 2292 2292 2292 2292 2292 2292
Cláusulas satisfeitas: 2324/2982 (77.9%)
Trail: 2297 2297 2297 2300 2300 2300 2300 2300 2300 2300 2300 2300 2300 2300 2300 2300 2300 2300 2300 2300
Cláusulas satisfeitas: 2300/2982 (77.1%)
Trail: 2289 2289 2289 2289 2302 2302 2302 2311 2312 2312 2312 2312 2312 2312 2312 2312 2312 2312 2312 2312
Cláusulas satisfeitas: 2312/2982 (77.5%)
Trail: 2302 2302 2302 2302 2302 2302 2302 2302 2302 2302 2302 2302 2302 2302 2302 2302 2302 2302 2302 2302
Cláusulas satisfeitas: 2337/2982 (78.4%)
Trail: 2273 2274 2276 2276 2281 2289 2289 2289 2289 2295 2299 2301 2301 2301 2301 2301 2301 2301 2301 2301
Cláusulas satisfeitas: 2305/2982 (77.3%)
Trail: 2293 2293 2294 2294 2294 2294 2294 2294 2294 2294 2294 2294 2296 2296 2296 2296 2296 2296 2296 2296
Cláusulas satisfeitas: 2314/2982 (77.6%)
Trail: 2306 2306 2306 2306 2306 2306 2306 2306 2306 2306 2306 2306 2306 2306 2306 2306 2306 2310 2310 2310
Cláusulas satisfeitas: 2316/2982 (77.7%)
Trail: 2279 2279 2281 2287 2287 2294 2294 2300 2300 2300 2300 2300 2300 2300 2300 2300 2300 2300 2300 2300
Cláusulas satisfeitas: 2308/2982 (77.4%)
Trail: 2301 2301 2301 2301 2301 2303 2303 2303 2303 2303 2303 2303 2303 2303 2303 2303 2303 2303 2303 2303
Cláusulas satisfeitas: 2303/2982 (77.2%)
Trail: 2282 2288 2288 2288 2288 2288 2288 2289 2304 2308 2308 2308 2308 2308 2308 2308 2308 2308 2308 2308
Cláusulas satisfeitas: 2308/2982 (77.4%)
Trail: 2271 2271 2273 2273 2275 2275 2275 2275 2275 2284 2284 2284 2284 2304 2304 2304 2304 2304 2304 2304
Cláusulas satisfeitas: 2310/2982 (77.5%)
Trail: 2284 2284 2287 2295 2295 2295 2295 2295 2295 2295 2295 2295 2295 2295 2295 2295 2295 2295 2295 2295
Cláusulas satisfeitas: 2295/2982 (77.0%)
Trail: 2279 2279 2284 2300 2300 2300 2300 2300 2300 2300 2300 2300 2300 2300 2300 2300 2300 2300 2300 2300
Cláusulas satisfeitas: 2311/2982 (77.5%)
Trail: 2299 2299 2299 2299 2299 2299 2299 2299 2299 2299 2299 2299 2299 2302 2302 2306 2306 2306 2306 2306
Cláusulas satisfeitas: 2314/2982 (77.6%)
Trail: 2267 2273 2274 2277 2280 2280 2280 2283 2283 2300 2300 2300 2300 2300 2300 2300 2300 2300 2300 2300
Cláusulas satisfeitas: 2302/2982 (77.2%)
Trail: 2282 2288 2288 2288 2288 2288 2288 2296 2303 2303 2303 2303 2303 2303 2303 2303 2303 2303 2303 2303
Cláusulas satisfeitas: 2303/2982 (77.2%)
Trail: 2282 2282 2282 2282 2282 2282 2283 2283 2283 2283 2289 2289 2289 2291 2291 2291 2291 2291 2291 2291
Cláusulas satisfeitas: 2306/2982 (77.3%)
