-- Abordagem: --chaos 0.2 --search reckless --steps 1
Trail: 504 541 541 541 541 541 541 557 557 557 557 557 557 557 557 557 557 557 557 557
Cláusulas satisfeitas: 557/639 (87.2%)
Trail: 503 540 540 543 548 548 548 548 551 551 551 551 551 551 551 551 551 551 551 551
Cláusulas satisfeitas: 551/639 (86.2%)
Trail: 504 532 546 546 546 551 551 553 554 554 554 554 555 555 555 555 555 556 556 556
Cláusulas satisfeitas: 556/639 (87.0%)
Trail: 503 539 539 540 540 544 544 544 547 547 547 547 547 547 547 547 547 550 550 552
Cláusulas satisfeitas: 552/639 (86.4%)
Trail: 499 540 548 549 552 552 552 552 552 552 552 552 553 553 553 553 557 557 557 557
Cláusulas satisfeitas: 557/639 (87.2%)
Trail: 505 539 539 542 547 547 552 552 552 552 552 552 556 556 556 556 556 556 556 556
Cláusulas satisfeitas: 556/639 (87.0%)
Trail: 494 548 552 552 552 552 552 552 552 552 555 555 555 555 555 555 555 555 555 555
Cláusulas satisfeitas: 555/639 (86.9%)
Trail: 510 541 541 541 543 543 543 543 543 543 546 546 546 549 549 549 549 549 549 549
Cláusulas satisfeitas: 549/639 (85.9%)
Trail: 499 534 543 543 543 543 543 543 548 548 548 551 551 551 552 552 552 552 552 552
Cláusulas satisfeitas: 552/639 (86.4%)
Trail: 497 541 541 541 542 550 550 550 550 550 550 550 550 550 550 550 550 550 550 550
Cláusulas satisfeitas: 550/639 (86.1%)
Trail: 510 553 553 553 553 553 553 553 553 554 554 554 554 554 554 554 554 554 554 554
Cláusulas satisfeitas: 554/639 (86.7%)
Trail: 504 539 541 541 545 545 545 545 545 545 545 549 549 549 549 549 549 549 549 549
Cláusulas satisfeitas: 549/639 (85.9%)
Trail: 498 539 541 545 545 545 545 547 549 549 549 552 552 557 562 562 562 562 562 562
Cláusulas satisfeitas: 562/639 (87.9%)
Trail: 505 545 555 555 555 555 555 555 555 555 555 555 555 555 555 555 555 555 556 556
Cláusulas satisfeitas: 556/639 (87.0%)
Trail: 503 549 549 549 549 549 549 549 549 551 551 551 551 551 551 551 551 551 551 551
Cláusulas satisfeitas: 551/639 (86.2%)
Trail: 503 541 542 546 549 549 553 553 553 553 553 553 553 553 553 553 563 563 563 563
Cláusulas satisfeitas: 563/639 (88.1%)
Trail: 505 555 555 555 555 555 555 555 555 558 558 558 558 558 558 558 558 558 558 558
Cláusulas satisfeitas: 558/639 (87.3%)
Trail: 499 535 535 542 542 545 548 550 550 550 550 550 550 550 551 551 551 551 551 551
Cláusulas satisfeitas: 551/639 (86.2%)
Trail: 503 541 546 546 546 548 548 548 549 549 549 549 549 550 550 550 550 550 550 550
Cláusulas satisfeitas: 550/639 (86.1%)
Trail: 504 540 541 547 547 547 547 549 549 552 552 554 554 554 554 554 554 554 554 554
Cláusulas satisfeitas: 554/639 (86.7%)
Trail: 502 546 546 546 546 546 546 546 546 554 554 554 554 554 554 554 554 554 554 554
Cláusulas satisfeitas: 554/639 (86.7%)
Trail: 500 541 542 542 542 542 543 543 549 549 549 556 556 559 559 559 559 559 559 559
Cláusulas satisfeitas: 559/639 (87.5%)
Trail: 502 540 548 548 548 548 548 548 548 549 551 551 551 551 551 551 551 551 551 551
Cláusulas satisfeitas: 551/639 (86.2%)
Trail: 499 544 544 544 544 544 544 544 544 544 546 546 546 546 546 546 547 551 551 551
Cláusulas satisfeitas: 551/639 (86.2%)
Trail: 501 536 536 537 537 540 540 545 545 553 553 553 553 553 553 553 553 553 555 555
Cláusulas satisfeitas: 555/639 (86.9%)
Trail: 503 538 548 549 549 549 552 552 553 558 558 558 558 558 558 558 558 558 558 558
Cláusulas satisfeitas: 558/639 (87.3%)
Trail: 505 538 545 549 549 549 549 549 549 549 549 549 549 549 550 550 551 557 557 557
Cláusulas satisfeitas: 557/639 (87.2%)
Trail: 497 558 558 558 558 558 558 558 558 558 558 558 558 558 558 558 558 558 558 558
Cláusulas satisfeitas: 558/639 (87.3%)
Trail: 496 545 545 545 545 547 547 547 549 553 554 554 554 554 554 554 554 554 555 555
Cláusulas satisfeitas: 555/639 (86.9%)
Trail: 501 535 538 538 538 542 542 544 550 550 550 550 550 550 550 557 557 557 557 557
Cláusulas satisfeitas: 557/639 (87.2%)
-- Abordagem: --chaos 0.2
Trail: 503 503 503 503 503 503 503 503 503 503 505 505 505 507 507 508 508 508 508 508
Cláusulas satisfeitas: 508/639 (79.5%)
Trail: 504 504 507 507 507 507 507 507 507 507 507 507 507 507 507 508 508 509 509 509
Cláusulas satisfeitas: 520/639 (81.4%)
Trail: 511 511 511 511 511 511 511 511 511 511 511 511 511 511 511 511 511 511 511 511
Cláusulas satisfeitas: 511/639 (80.0%)
Trail: 500 500 500 500 500 500 503 508 508 508 508 508 508 508 510 510 510 510 510 510
Cláusulas satisfeitas: 521/639 (81.5%)
Trail: 494 498 499 499 504 506 514 514 514 514 514 514 514 514 514 514 514 514 514 514
Cláusulas satisfeitas: 517/639 (80.9%)
Trail: 503 503 503 503 503 507 507 507 507 507 507 507 508 516 516 516 519 519 519 519
Cláusulas satisfeitas: 519/639 (81.2%)
Trail: 504 504 504 504 504 504 504 504 504 504 504 504 504 504 504 504 504 504 504 505
Cláusulas satisfeitas: 513/639 (80.3%)
Trail: 498 501 501 501 505 505 505 505 505 505 505 505 505 505 507 507 507 507 507 507
Cláusulas satisfeitas: 507/639 (79.3%)
Trail: 502 502 505 507 507 507 507 507 507 507 507 507 507 507 507 507 507 507 511 511
Cláusulas satisfeitas: 511/639 (80.0%)
Trail: 508 508 508 508 508 508 508 508 508 508 508 508 508 508 508 508 508 508 508 508
Cláusulas satisfeitas: 516/639 (80.8%)
Trail: 504 504 504 504 504 504 504 504 504 504 504 504 504 504 504 504 504 507 507 507
Cláusulas satisfeitas: 512/639 (80.1%)
Trail: 513 513 513 513 513 513 513 513 513 513 513 513 513 513 513 513 513 513 513 513
Cláusulas satisfeitas: 513/639 (80.3%)
Trail: 499 499 499 499 503 503 503 506 506 506 509 509 509 509 509 509 509 509 509 509
Cláusulas satisfeitas: 509/639 (79.7%)
Trail: 503 503 504 504 504 504 504 507 507 507 507 507 508 511 518 518 518 518 518 518
Cláusulas satisfeitas: 518/639 (81.1%)
Trail: 498 498 501 501 501 501 501 501 501 501 501 501 501 501 504 506 506 506 506 506
Cláusulas satisfeitas: 506/639 (79.2%)
Trail: 503 504 504 504 504 504 504 504 507 507 512 512 512 512 512 512 512 512 512 512
Cláusulas satisfeitas: 512/639 (80.1%)
Trail: 494 495 498 500 500 502 505 505 505 505 505 505 507 507 507 507 507 507 507 507
Cláusulas satisfeitas: 513/639 (80.3%)
Trail: 500 500 500 500 502 502 502 502 502 505 507 507 507 507 507 507 507 507 511 511
Cláusulas satisfeitas: 511/639 (80.0%)
Trail: 506 506 506 506 506 506 506 506 506 508 508 508 508 508 508 508 508 512 512 512
Cláusulas satisfeitas: 515/639 (80.6%)
Trail: 502 502 502 503 504 518 518 518 518 518 518 518 518 518 518 518 518 518 518 518
Cláusulas satisfeitas: 518/639 (81.1%)
Trail: 502 502 502 502 502 502 502 502 502 502 502 502 502 502 502 502 502 506 506 506
Cláusulas satisfeitas: 529/639 (82.8%)
Trail: 497 499 499 500 502 502 502 507 507 507 507 507 507 507 507 507 507 507 507 507
Cláusulas satisfeitas: 516/639 (80.8%)
Trail: 498 498 498 507 507 507 508 508 508 508 511 511 511 511 511 511 511 511 511 511
Cláusulas satisfeitas: 511/639 (80.0%)
Trail: 508 508 508 508 508 508 508 508 508 508 508 509 509 509 509 509 509 509 509 509
Cláusulas satisfeitas: 509/639 (79.7%)
Trail: 509 509 509 509 509 509 509 509 509 509 509 509 509 509 509 509 509 509 509 509
Cláusulas satisfeitas: 509/639 (79.7%)
Trail: 505 505 505 505 505 505 505 505 505 505 505 505 505 505 505 505 505 505 505 505
Cláusulas satisfeitas: 505/639 (79.0%)
Trail: 495 495 495 496 496 501 501 501 501 502 502 502 502 502 502 502 502 503 503 503
Cláusulas satisfeitas: 511/639 (80.0%)
Trail: 500 500 500 500 500 500 500 501 506 506 506 506 506 506 506 506 506 506 506 506
Cláusulas satisfeitas: 511/639 (80.0%)
Trail: 507 507 507 507 507 507 507 507 507 507 507 507 507 507 507 507 507 507 507 511
Cláusulas satisfeitas: 511/639 (80.0%)
Trail: 496 496 501 501 502 503 503 503 503 503 506 506 506 506 506 506 506 506 506 506
Cláusulas satisfeitas: 510/639 (79.8%)
-- Abordagem: --uniforme 0.2
Trail: 500 500 500 508 508 513 515 515 515 516 516 516 516 516 516 516 516 516 516 517
Cláusulas satisfeitas: 517/639 (80.9%)
Trail: 499 499 499 504 505 505 505 509 509 509 509 509 509 509 509 509 509 509 509 509
Cláusulas satisfeitas: 516/639 (80.8%)
Trail: 502 502 502 506 506 506 506 506 506 506 506 506 506 511 511 511 511 511 511 511
Cláusulas satisfeitas: 511/639 (80.0%)
Trail: 520 520 520 520 520 520 520 520 520 520 520 520 520 520 520 520 520 520 520 520
Cláusulas satisfeitas: 520/639 (81.4%)
Trail: 496 496 496 496 497 499 505 505 505 505 506 506 506 506 506 506 506 506 506 506
Cláusulas satisfeitas: 506/639 (79.2%)
Trail: 495 501 501 501 501 501 501 506 506 507 507 507 507 507 507 507 507 507 507 507
Cláusulas satisfeitas: 507/639 (79.3%)
Trail: 499 499 499 504 504 504 504 504 504 504 504 504 504 504 504 504 504 504 504 504
Cláusulas satisfeitas: 513/639 (80.3%)
Trail: 499 499 499 499 499 499 501 501 502 508 508 508 508 508 508 508 508 508 508 508
Cláusulas satisfeitas: 514/639 (80.4%)
Trail: 507 507 507 507 507 507 507 507 507 507 507 507 507 511 511 511 511 511 511 511
Cláusulas satisfeitas: 511/639 (80.0%)
Trail: 498 503 503 503 505 505 506 506 506 506 510 510 510 510 510 510 511 511 512 512
Cláusulas satisfeitas: 520/639 (81.4%)
Trail: 499 499 499 502 502 504 504 504 504 504 504 504 509 509 509 509 509 509 509 509
Cláusulas satisfeitas: 509/639 (79.7%)
Trail: 499 499 501 504 504 504 504 504 504 504 504 504 504 504 504 504 504 506 506 506
Cláusulas satisfeitas: 512/639 (80.1%)
Trail: 503 503 503 503 503 503 505 505 505 505 505 505 507 509 513 513 513 513 514 514
Cláusulas satisfeitas: 519/639 (81.2%)
Trail: 498 498 498 498 498 498 498 498 498 498 498 498 498 498 498 498 498 498 498 502
Cláusulas satisfeitas: 503/639 (78.7%)
Trail: 510 510 510 510 510 510 510 510 510 510 510 510 510 510 510 510 510 510 510 510
Cláusulas satisfeitas: 510/639 (79.8%)
Trail: 508 508 508 508 508 508 508 508 508 508 514 514 514 514 514 514 514 514 514 514
Cláusulas satisfeitas: 519/639 (81.2%)
Trail: 500 500 500 500 500 500 500 500 500 500 500 500 500 500 502 503 503 503 503 503
Cláusulas satisfeitas: 503/639 (78.7%)
Trail: 497 497 499 499 499 500 502 502 502 502 502 502 502 502 502 502 503 503 503 503
Cláusulas satisfeitas: 508/639 (79.5%)
Trail: 504 504 504 504 506 506 506 506 506 506 510 510 510 510 511 511 511 511 511 511
Cláusulas satisfeitas: 511/639 (80.0%)
Trail: 499 499 499 508 508 512 512 512 512 512 512 512 512 512 512 512 512 512 512 512
Cláusulas satisfeitas: 512/639 (80.1%)
Trail: 501 501 501 501 502 503 512 512 512 512 512 512 512 512 512 512 512 512 512 512
Cláusulas satisfeitas: 514/639 (80.4%)
Trail: 499 499 499 503 503 503 503 506 506 506 506 506 507 512 512 512 512 512 512 512
Cláusulas satisfeitas: 512/639 (80.1%)
Trail: 500 506 507 507 507 507 507 507 507 507 507 507 507 507 507 507 507 507 507 507
Cláusulas satisfeitas: 508/639 (79.5%)
Trail: 499 504 504 504 504 504 504 504 504 504 504 504 504 504 504 504 504 505 505 505
Cláusulas satisfeitas: 508/639 (79.5%)
Trail: 495 498 498 498 510 510 510 510 510 510 510 510 510 510 510 510 510 510 510 510
Cláusulas satisfeitas: 510/639 (79.8%)
Trail: 509 509 509 510 510 510 510 510 510 510 510 510 510 510 510 510 510 510 510 510
Cláusulas satisfeitas: 510/639 (79.8%)
Trail: 503 503 505 505 505 505 505 505 505 506 506 506 506 506 506 506 506 506 506 506
Cláusulas satisfeitas: 506/639 (79.2%)
Trail: 501 501 501 501 501 501 503 504 508 508 508 508 508 508 509 509 510 510 510 510
Cláusulas satisfeitas: 516/639 (80.8%)
Trail: 497 497 497 497 497 500 500 500 500 504 504 504 504 504 505 505 505 505 505 505
Cláusulas satisfeitas: 509/639 (79.7%)
Trail: 500 500 500 501 501 501 501 502 502 502 502 502 502 502 502 502 502 504 504 504
Cláusulas satisfeitas: 513/639 (80.3%)
