-- Abordagem: --chaos 0.2 --search reckless --steps 1
Trail: 3243 3365 3412 3412 3412 3412 3415 3415 3441 3441 3441 3447 3453 3458 3458 3458 3458 3458 3458 3458
Cláusulas satisfeitas: 3458/4260 (81.2%)
Trail: 3255 3424 3424 3424 3424 3424 3424 3424 3424 3434 3434 3434 3434 3434 3434 3439 3472 3472 3472 3472
Cláusulas satisfeitas: 3472/4260 (81.5%)
Trail: 3246 3357 3390 3390 3390 3390 3433 3433 3433 3434 3436 3441 3441 3441 3441 3441 3441 3441 3441 3441
Cláusulas satisfeitas: 3441/4260 (80.8%)
Trail: 3242 3419 3419 3440 3440 3440 3464 3467 3467 3467 3467 3467 3467 3467 3467 3467 3467 3467 3467 3467
Cláusulas satisfeitas: 3467/4260 (81.4%)
Trail: 3280 3373 3413 3439 3439 3454 3454 3454 3454 3454 3454 3454 3454 3454 3454 3454 3454 3454 3454 3454
Cláusulas satisfeitas: 3454/4260 (81.1%)
Trail: 3272 3409 3409 3409 3437 3437 3437 3448 3448 3448 3448 3448 3448 3448 3448 3448 3448 3448 3448 3448
Cláusulas satisfeitas: 3448/4260 (80.9%)
Trail: 3262 3404 3404 3404 3407 3407 3416 3418 3436 3438 3438 3443 3460 3470 3470 3470 3470 3470 3470 3470
Cláusulas satisfeitas: 3470/4260 (81.5%)
Trail: 3259 3395 3396 3396 3416 3416 3416 3423 3438 3438 3441 3441 3444 3444 3444 3444 3444 3444 3444 3448
Cláusulas satisfeitas: 3448/4260 (80.9%)
Trail: 3257 3367 3399 3400 3414 3414 3419 3434 3434 3434 3434 3434 3434 3434 3456 3456 3456 3474 3474 3474
Cláusulas satisfeitas: 3474/4260 (81.5%)
Trail: 3266 3385 3435 3436 3450 3450 3450 3453 3453 3453 3453 3453 3453 3455 3455 3455 3455 3455 3455 3455
Cláusulas satisfeitas: 3455/4260 (81.1%)
Trail: 3262 3370 3390 3390 3422 3422 3422 3428 3428 3434 3434 3435 3435 3435 3442 3455 3455 3455 3455 3455
Cláusulas satisfeitas: 3455/4260 (81.1%)
Trail: 3241 3402 3402 3444 3444 3444 3444 3455 3483 3483 3483 3483 3483 3483 3483 3483 3483 3483 3483 3483
Cláusulas satisfeitas: 3483/4260 (81.8%)
Trail: 3253 3396 3419 3432 3432 3432 3445 3445 3461 3461 3461 3461 3461 3461 3461 3461 3461 3461 3461 3461
Cláusulas satisfeitas: 3461/4260 (81.2%)
Trail: 3252 3376 3392 3396 3416 3423 3434 3434 3434 3434 3434 3457 3457 3457 3457 3461 3462 3462 3467 3467
Cláusulas satisfeitas: 3467/4260 (81.4%)
Trail: 3267 3340 3413 3413 3427 3427 3427 3439 3443 3443 3443 3443 3443 3470 3470 3470 3470 3470 3483 3483
Cláusulas satisfeitas: 3483/4260 (81.8%)
Trail: 3257 3432 3437 3439 3439 3442 3442 3442 3442 3442 3443 3443 3443 3443 3443 3443 3443 3443 3443 3443
Cláusulas satisfeitas: 3443/4260 (80.8%)
Trail: 3254 3403 3403 3403 3403 3403 3403 3423 3423 3423 3423 3423 3423 3429 3431 3441 3441 3451 3451 3451
Cláusulas satisfeitas: 3451/4260 (81.0%)
Trail: 3254 3388 3401 3421 3423 3433 3437 3437 3452 3452 3452 3452 3452 3452 3452 3452 3452 3452 3452 3452
Cláusulas satisfeitas: 3452/4260 (81.0%)
Trail: 3248 3400 3407 3412 3420 3441 3441 3441 3441 3441 3441 3446 3446 3446 3446 3446 3446 3446 3446 3446
Cláusulas satisfeitas: 3446/4260 (80.9%)
Trail: 3265 3367 3400 3426 3434 3434 3434 3434 3438 3438 3438 3443 3463 3463 3463 3463 3463 3463 3463 3463
Cláusulas satisfeitas: 3463/4260 (81.3%)
Trail: 3242 3406 3406 3415 3443 3443 3443 3443 3443 3443 3443 3443 3443 3443 3447 3447 3447 3447 3447 3447
Cláusulas satisfeitas: 3447/4260 (80.9%)
Trail: 3253 3367 3375 3375 3375 3382 3388 3405 3410 3438 3438 3438 3438 3438 3438 3438 3438 3438 3438 3445
Cláusulas satisfeitas: 3445/4260 (80.9%)
Trail: 3247 3388 3388 3388 3402 3431 3439 3446 3446 3474 3474 3474 3474 3474 3474 3474 3474 3474 3474 3474
Cláusulas satisfeitas: 3474/4260 (81.5%)
Trail: 3236 3349 3370 3388 3416 3416 3420 3426 3437 3437 3439 3443 3443 3444 3444 3444 3444 3444 3454 3454
Cláusulas satisfeitas: 3454/4260 (81.1%)
Trail: 3251 3422 3425 3425 3430 3450 3450 3450 3450 3450 3450 3452 3462 3462 3462 3462 3462 3462 3462 3462
Cláusulas satisfeitas: 3462/4260 (81.3%)
Trail: 3252 3383 3421 3421 3421 3421 3421 3421 3438 3438 3438 3438 3438 3445 3445 3445 3445 3445 3445 3445
Cláusulas satisfeitas: 3445/4260 (80.9%)
Trail: 3243 3424 3424 3424 3424 3424 3424 3424 3450 3450 3450 3450 3450 3451 3451 3451 3451 3451 3451 3451
Cláusulas satisfeitas: 3451/4260 (81.0%)
Trail: 3242 3369 3413 3416 3432 3432 3433 3433 3433 3433 3433 3433 3433 3433 3464 3464 3464 3464 3464 3464
Cláusulas satisfeitas: 3464/4260 (81.3%)
Trail: 3257 3414 3414 3414 3414 3414 3428 3428 3428 3428 3432 3432 3432 3448 3448 3448 3448 3448 3448 3448
Cláusulas satisfeitas: 3448/4260 (80.9%)
Trail: 3255 3392 3448 3450 3450 3450 3450 3450 3450 3456 3456 3456 3456 3456 3456 3456 3456 3456 3456 3456
Cláusulas satisfeitas: 3456/4260 (81.1%)
-- Abordagem: --chaos 0.2
Trail: 3279 3279 3279 3279 3279 3279 3279 3279 3279 3279 3279 3279 3279 3279 3279 3279 3279 3279 3279 3279
Cláusulas satisfeitas: 3287/4260 (77.2%)
Trail: 3230 3247 3247 3251 3268 3268 3268 3268 3268 3268 3268 3274 3274 3274 3274 3274 3274 3274 3274 3274
Cláusulas satisfeitas: 3287/4260 (77.2%)
Trail: 3251 3251 3251 3255 3255 3255 3255 3255 3255 3255 3255 3255 3269 3269 3269 3269 3269 3269 3269 3269
Cláusulas satisfeitas: 3278/4260 (76.9%)
Trail: 3267 3267 3267 3267 3267 3267 3267 3267 3267 3267 3267 3267 3267 3272 3307 3307 3307 3307 3307 3307
Cláusulas satisfeitas: 3307/4260 (77.6%)
Trail: 3244 3244 3256 3256 3256 3256 3256 3256 3256 3256 3256 3256 3256 3256 3256 3256 3262 3262 3262 3262
Cláusulas satisfeitas: 3262/4260 (76.6%)
Trail: 3269 3269 3269 3269 3269 3269 3269 3269 3269 3269 3269 3269 3269 3269 3269 3269 3269 3269 3269 3269
Cláusulas satisfeitas: 3269/4260 (76.7%)
Trail: 3233 3233 3239 3256 3264 3265 3265 3265 3265 3265 3265 3265 3265 3265 3265 3274 3274 3274 3274 3274
Cláusulas satisfeitas: 3276/4260 (76.9%)
Trail: 3248 3248 3263 3263 3263 3270 3270 3270 3270 3270 3270 3270 3270 3270 3270 3270 3270 3270 3270 3272
Cláusulas satisfeitas: 3275/4260 (76.9%)
Trail: 3250 3250 3250 3250 3258 3258 3258 3261 3261 3261 3261 3282 3282 3282 3282 3282 3282 3282 3282 3282
Cláusulas satisfeitas: 3291/4260 (77.3%)
Trail: 3245 3247 3247 3247 3247 3247 3247 3247 3251 3251 3253 3253 3253 3253 3253 3253 3253 3258 3258 3258
Cláusulas satisfeitas: 3258/4260 (76.5%)
Trail: 3226 3241 3248 3253 3253 3253 3253 3253 3253 3253 3253 3253 3253 3253 3264 3264 3264 3264 3264 3270
Cláusulas satisfeitas: 3281/4260 (77.0%)
Trail: 3247 3247 3253 3253 3253 3255 3255 3272 3272 3272 3272 3272 3272 3272 3272 3272 3272 3272 3272 3272
Cláusulas satisfeitas: 3277/4260 (76.9%)
Trail: 3240 3240 3245 3245 3245 3245 3245 3250 3250 3250 3257 3257 3257 3257 3257 3257 3257 3257 3262 3266
Cláusulas satisfeitas: 3281/4260 (77.0%)
Trail: 3263 3263 3263 3263 3263 3263 3263 3263 3263 3263 3263 3263 3268 3268 3268 3268 3268 3268 3268 3268
Cláusulas satisfeitas: 3272/4260 (76.8%)
Trail: 3275 3275 3275 3275 3275 3275 3275 3275 3275 3275 3275 3275 3275 3275 3275 3275 3278 3278 3278 3278
Cláusulas satisfeitas: 3278/4260 (76.9%)
Trail: 3253 3258 3258 3262 3262 3265 3265 3265 3265 3265 3265 3265 3271 3271 3271 3271 3271 3271 3271 3271
Cláusulas satisfeitas: 3292/4260 (77.3%)
Trail: 3248 3249 3249 3249 3258 3258 3258 3258 3258 3272 3286 3286 3286 3286 3286 3286 3286 3286 3286 3286
Cláusulas satisfeitas: 3286/4260 (77.1%)
Trail: 3224 3240 3251 3251 3251 3253 3253 3253 3253 3253 3269 3269 3269 3279 3279 3279 3279 3279 3279 3279
Cláusulas satisfeitas: 3279/4260 (77.0%)
Trail: 3244 3250 3255 3264 3264 3264 3264 3264 3264 3270 3270 3274 3274 3274 3274 3274 3274 3274 3274 3274
Cláusulas satisfeitas: 3290/4260 (77.2%)
Trail: 3240 3240 3242 3246 3257 3257 3257 3257 3257 3257 3257 3257 3257 3257 3257 3257 3259 3259 3259 3259
Cláusulas satisfeitas: 3269/4260 (76.7%)
Trail: 3237 3237 3253 3253 3253 3253 3253 3253 3253 3253 3253 3253 3254 3255 3255 3255 3255 3255 3258 3258
Cláusulas satisfeitas: 3258/4260 (76.5%)
Trail: 3243 3243 3243 3249 3249 3249 3251 3251 3251 3251 3251 3251 3280 3280 3280 3280 3280 3280 3280 3280
Cláusulas satisfeitas: 3285/4260 (77.1%)
Trail: 3235 3250 3250 3250 3254 3254 3254 3254 3260 3260 3261 3261 3261 3261 3261 3261 3261 3261 3261 3270
Cláusulas satisfeitas: 3279/4260 (77.0%)
Trail: 3230 3230 3230 3238 3238 3238 3238 3238 3248 3248 3248 3248 3248 3248 3248 3248 3248 3248 3248 3248
Cláusulas satisfeitas: 3260/4260 (76.5%)
Trail: 3260 3260 3260 3260 3260 3260 3260 3260 3260 3260 3260 3260 3260 3260 3260 3260 3260 3260 3260 3260
Cláusulas satisfeitas: 3290/4260 (77.2%)
Trail: 3234 3245 3245 3248 3257 3257 3257 3257 3257 3257 3257 3268 3268 3268 3268 3268 3268 3268 3268 3268
Cláusulas satisfeitas: 3268/4260 (76.7%)
Trail: 3255 3255 3255 3281 3281 3281 3281 3281 3281 3281 3281 3281 3281 3281 3281 3281 3281 3281 3281 3281
Cláusulas satisfeitas: 3281/4260 (77.0%)
Trail: 3236 3258 3258 3258 3258 3258 3266 3266 3266 3266 3266 3266 3266 3266 3266 3266 3266 3266 3266 3266
Cláusulas satisfeitas: 3278/4260 (76.9%)
Trail: 3258 3258 3258 3258 3258 3258 3258 3258 3258 3258 3258 3258 3258 3272 3272 3272 3272 3272 3272 3272
Cláusulas satisfeitas: 3272/4260 (76.8%)
Trail: 3259 3259 3259 3259 3261 3261 3261 3261 3261 3261 3261 3261 3261 3261 3261 3261 3271 3271 3271 3271
Cláusulas satisfeitas: 3280/4260 (77.0%)
-- Abordagem: --uniforme 0.2
Trail: 3238 3248 3248 3255 3255 3255 3255 3255 3255 3255 3255 3255 3255 3255 3255 3258 3271 3271 3271 3271
Cláusulas satisfeitas: 3271/4260 (76.8%)
Trail: 3258 3258 3258 3258 3258 3258 3258 3258 3258 3258 3262 3262 3262 3264 3264 3264 3264 3272 3272 3275
Cláusulas satisfeitas: 3285/4260 (77.1%)
Trail: 3243 3244 3255 3255 3258 3265 3265 3265 3265 3271 3271 3271 3271 3271 3271 3271 3271 3271 3271 3271
Cláusulas satisfeitas: 3282/4260 (77.0%)
Trail: 3257 3257 3257 3257 3261 3261 3261 3261 3261 3269 3272 3274 3274 3274 3274 3274 3274 3274 3274 3274
Cláusulas satisfeitas: 3274/4260 (76.9%)
Trail: 3256 3256 3256 3256 3256 3256 3256 3256 3256 3256 3256 3260 3260 3260 3260 3275 3275 3275 3275 3275
Cláusulas satisfeitas: 3291/4260 (77.3%)
Trail: 3243 3243 3244 3244 3244 3244 3244 3249 3249 3249 3249 3255 3255 3255 3255 3255 3255 3255 3255 3255
Cláusulas satisfeitas: 3265/4260 (76.6%)
Trail: 3262 3262 3281 3281 3281 3281 3281 3281 3281 3281 3281 3281 3281 3281 3281 3281 3281 3281 3281 3281
Cláusulas satisfeitas: 3294/4260 (77.3%)
Trail: 3224 3230 3242 3247 3247 3247 3247 3247 3247 3247 3253 3253 3253 3253 3253 3253 3253 3253 3253 3253
Cláusulas satisfeitas: 3255/4260 (76.4%)
Trail: 3250 3268 3268 3268 3268 3271 3271 3271 3271 3273 3273 3273 3273 3273 3273 3273 3273 3273 3273 3273
Cláusulas satisfeitas: 3286/4260 (77.1%)
Trail: 3244 3244 3244 3251 3251 3263 3263 3263 3263 3263 3269 3269 3269 3269 3269 3269 3269 3269 3269 3269
Cláusulas satisfeitas: 3274/4260 (76.9%)
Trail: 3250 3250 3250 3250 3250 3250 3250 3252 3252 3252 3257 3257 3257 3257 3257 3257 3269 3270 3270 3270
Cláusulas satisfeitas: 3313/4260 (77.8%)
Trail: 3245 3245 3245 3245 3245 3247 3250 3250 3250 3250 3253 3262 3262 3262 3262 3262 3262 3262 3262 3262
Cláusulas satisfeitas: 3262/4260 (76.6%)
Trail: 3250 3250 3250 3250 3250 3250 3250 3257 3257 3257 3257 3257 3257 3257 3257 3257 3260 3266 3266 3266
Cláusulas satisfeitas: 3266/4260 (76.7%)
Trail: 3257 3257 3257 3257 3261 3261 3266 3266 3268 3268 3268 3268 3268 3268 3268 3268 3268 3268 3268 3268
Cláusulas satisfeitas: 3318/4260 (77.9%)
Trail: 3247 3247 3249 3249 3249 3253 3253 3254 3254 3254 3258 3258 3258 3258 3258 3267 3267 3267 3267 3267
Cláusulas satisfeitas: 3268/4260 (76.7%)
Trail: 3252 3252 3252 3252 3263 3263 3263 3264 3271 3272 3272 3272 3272 3272 3274 3274 3274 3274 3274 3274
Cláusulas satisfeitas: 3274/4260 (76.9%)
Trail: 3245 3245 3245 3245 3245 3252 3252 3264 3264 3268 3268 3268 3268 3272 3272 3272 3272 3272 3272 3272
Cláusulas satisfeitas: 3272/4260 (76.8%)
Trail: 3247 3247 3247 3247 3247 3247 3247 3247 3247 3247 3247 3247 3247 3247 3247 3251 3267 3267 3267 3267
Cláusulas satisfeitas: 3275/4260 (76.9%)
Trail: 3235 3238 3245 3245 3245 3245 3245 3245 3261 3261 3261 3261 3261 3261 3261 3261 3261 3261 3261 3261
Cláusulas satisfeitas: 3278/4260 (76.9%)
Trail: 3258 3258 3258 3258 3258 3258 3258 3258 3258 3258 3258 3258 3259 3275 3275 3275 3275 3275 3275 3275
Cláusulas satisfeitas: 3304/4260 (77.6%)
Trail: 3236 3236 3236 3236 3244 3244 3244 3256 3256 3256 3256 3256 3256 3256 3256 3256 3256 3256 3256 3256
Cláusulas satisfeitas: 3282/4260 (77.0%)
Trail: 3231 3242 3242 3251 3251 3251 3251 3251 3252 3272 3272 3272 3272 3272 3272 3272 3274 3274 3274 3274
Cláusulas satisfeitas: 3274/4260 (76.9%)
Trail: 3239 3264 3276 3276 3276 3276 3276 3276 3276 3277 3277 3277 3277 3277 3277 3277 3277 3277 3277 3277
Cláusulas satisfeitas: 3291/4260 (77.3%)
Trail: 3249 3249 3249 3249 3277 3277 3277 3277 3277 3277 3277 3277 3277 3277 3277 3277 3277 3277 3277 3277
Cláusulas satisfeitas: 3279/4260 (77.0%)
Trail: 3248 3248 3248 3248 3248 3248 3248 3248 3248 3248 3248 3248 3248 3248 3248 3248 3253 3253 3253 3253
Cláusulas satisfeitas: 3278/4260 (76.9%)
Trail: 3237 3238 3248 3248 3257 3257 3257 3257 3257 3257 3262 3262 3262 3265 3265 3265 3265 3265 3265 3265
Cláusulas satisfeitas: 3265/4260 (76.6%)
Trail: 3260 3260 3260 3260 3260 3261 3261 3261 3261 3261 3261 3261 3261 3261 3261 3270 3270 3270 3270 3270
Cláusulas satisfeitas: 3270/4260 (76.8%)
Trail: 3245 3245 3245 3252 3253 3253 3266 3266 3266 3266 3266 3266 3266 3266 3266 3266 3266 3268 3268 3268
Cláusulas satisfeitas: 3292/4260 (77.3%)
Trail: 3245 3245 3245 3265 3265 3265 3265 3270 3270 3270 3270 3270 3270 3270 3270 3270 3270 3270 3270 3270
Cláusulas satisfeitas: 3292/4260 (77.3%)
Trail: 3262 3262 3262 3262 3262 3262 3262 3262 3262 3262 3262 3262 3262 3262 3262 3262 3262 3262 3262 3262
Cláusulas satisfeitas: 3282/4260 (77.0%)
