-- Abordagem: --chaos 0.2 --search reckless --steps 1
Trail: 1975 2072 2072 2072 2082 2089 2092 2092 2096 2096 2096 2096 2096 2096 2096 2096 2096 2096 2096 2098
Cláusulas satisfeitas: 2098/2556 (82.1%)
Trail: 1962 2052 2062 2062 2062 2081 2089 2089 2089 2101 2101 2101 2101 2101 2101 2101 2101 2101 2101 2101
Cláusulas satisfeitas: 2101/2556 (82.2%)
Trail: 1968 2055 2075 2075 2082 2082 2095 2095 2095 2098 2101 2101 2101 2101 2103 2103 2103 2103 2103 2103
Cláusulas satisfeitas: 2103/2556 (82.3%)
Trail: 1953 2072 2072 2072 2082 2085 2089 2093 2093 2093 2093 2108 2108 2108 2108 2131 2131 2131 2131 2131
Cláusulas satisfeitas: 2131/2556 (83.4%)
Trail: 1980 2072 2072 2076 2085 2090 2090 2100 2100 2100 2100 2100 2100 2107 2107 2107 2107 2107 2107 2107
Cláusulas satisfeitas: 2107/2556 (82.4%)
Trail: 1962 2047 2071 2071 2074 2076 2076 2086 2095 2095 2095 2095 2095 2095 2095 2095 2095 2100 2100 2100
Cláusulas satisfeitas: 2100/2556 (82.2%)
Trail: 1955 2059 2065 2065 2074 2074 2076 2086 2089 2096 2096 2096 2096 2096 2096 2108 2108 2108 2108 2108
Cláusulas satisfeitas: 2108/2556 (82.5%)
Trail: 1955 2069 2069 2080 2084 2102 2102 2102 2102 2102 2102 2102 2102 2102 2102 2102 2102 2102 2102 2102
Cláusulas satisfeitas: 2102/2556 (82.2%)
Trail: 1992 2064 2084 2084 2084 2084 2085 2087 2087 2087 2087 2087 2087 2106 2131 2146 2146 2146 2146 2146
Cláusulas satisfeitas: 2146/2556 (84.0%)
Trail: 1949 2064 2075 2075 2082 2082 2082 2085 2085 2085 2088 2093 2093 2093 2093 2093 2093 2093 2102 2102
Cláusulas satisfeitas: 2102/2556 (82.2%)
Trail: 1971 2068 2071 2083 2083 2096 2096 2110 2110 2110 2110 2110 2110 2110 2110 2110 2110 2110 2110 2110
Cláusulas satisfeitas: 2110/2556 (82.6%)
Trail: 1959 2076 2089 2089 2089 2101 2101 2101 2101 2101 2101 2101 2101 2101 2101 2101 2101 2101 2101 2101
Cláusulas satisfeitas: 2101/2556 (82.2%)
Trail: 1981 2075 2083 2083 2083 2083 2083 2093 2095 2095 2095 2095 2095 2095 2095 2095 2095 2095 2097 2104
Cláusulas satisfeitas: 2104/2556 (82.3%)
Trail: 1962 2050 2063 2065 2091 2091 2096 2103 2128 2128 2128 2128 2128 2128 2128 2128 2128 2128 2128 2128
Cláusulas satisfeitas: 2128/2556 (83.3%)
Trail: 1978 2080 2080 2087 2089 2089 2095 2095 2095 2095 2095 2095 2095 2095 2095 2095 2101 2101 2101 2101
Cláusulas satisfeitas: 2101/2556 (82.2%)
Trail: 1955 2064 2072 2072 2079 2088 2094 2094 2102 2102 2102 2102 2106 2106 2108 2108 2108 2114 2114 2114
Cláusulas satisfeitas: 2114/2556 (82.7%)
Trail: 1962 2054 2067 2067 2067 2083 2083 2083 2083 2105 2105 2105 2105 2105 2105 2105 2105 2105 2105 2105
Cláusulas satisfeitas: 2105/2556 (82.4%)
Trail: 1957 2079 2079 2079 2080 2080 2095 2097 2097 2097 2097 2097 2097 2097 2097 2097 2097 2112 2113 2113
Cláusulas satisfeitas: 2113/2556 (82.7%)
Trail: 1981 2110 2110 2110 2110 2110 2110 2110 2110 2110 2110 2110 2110 2110 2110 2110 2110 2110 2110 2110
Cláusulas satisfeitas: 2110/2556 (82.6%)
Trail: 1967 2051 2060 2061 2066 2080 2080 2080 2105 2107 2107 2107 2107 2107 2107 2107 2107 2107 2107 2107
Cláusulas satisfeitas: 2110/2556 (82.6%)
Trail: 1968 2045 2069 2077 2085 2093 2093 2093 2093 2093 2097 2101 2101 2101 2113 2113 2113 2113 2113 2113
Cláusulas satisfeitas: 2113/2556 (82.7%)
Trail: 1981 2060 2072 2073 2084 2084 2086 2086 2089 2089 2089 2089 2094 2094 2094 2103 2103 2103 2103 2103
Cláusulas satisfeitas: 2103/2556 (82.3%)
Trail: 1954 2037 2055 2069 2069 2079 2084 2088 2088 2088 2088 2101 2101 2101 2101 2122 2122 2122 2122 2122
Cláusulas satisfeitas: 2122/2556 (83.0%)
Trail: 1955 2035 2074 2074 2074 2074 2115 2115 2115 2115 2115 2115 2115 2115 2115 2115 2123 2123 2123 2123
Cláusulas satisfeitas: 2123/2556 (83.1%)
Trail: 1962 2029 2072 2074 2096 2105 2105 2113 2121 2121 2121 2121 2121 2121 2121 2121 2121 2121 2121 2121
Cláusulas satisfeitas: 2121/2556 (83.0%)
Trail: 1950 2061 2068 2073 2081 2100 2100 2100 2100 2100 2100 2100 2100 2104 2108 2108 2109 2109 2109 2109
Cláusulas satisfeitas: 2109/2556 (82.5%)
Trail: 1970 2065 2076 2076 2091 2091 2091 2091 2091 2093 2094 2096 2102 2104 2104 2104 2104 2104 2104 2104
Cláusulas satisfeitas: 2104/2556 (82.3%)
Trail: 1955 2055 2107 2107 2107 2107 2107 2107 2107 2107 2112 2112 2112 2112 2128 2128 2128 2128 2128 2128
Cláusulas satisfeitas: 2128/2556 (83.3%)
Trail: 1965 2065 2113 2113 2113 2113 2113 2113 2113 2113 2113 2113 2129 2129 2129 2129 2129 2129 2129 2129
Cláusulas satisfeitas: 2129/2556 (83.3%)
Trail: 1955 2060 2073 2083 2083 2085 2096 2096 2096 2097 2101 2108 2108 2108 2108 2108 2120 2120 2120 2120
Cláusulas satisfeitas: 2120/2556 (82.9%)
-- Abordagem: --chaos 0.2
Trail: 1966 1971 1971 1971 1972 1972 1972 1972 1972 1972 1972 1972 1972 1972 1972 1972 1972 1972 1972 1972
Cláusulas satisfeitas: 1984/2556 (77.6%)
Trail: 1970 1970 1970 1970 1970 1970 1970 1970 1970 1970 1970 1970 1970 1970 1973 1973 1973 1973 1973 1973
Cláusulas satisfeitas: 1973/2556 (77.2%)
Trail: 1957 1963 1963 1963 1963 1963 1963 1970 1970 1970 1970 1970 1970 1970 1970 1970 1970 1970 1970 1970
Cláusulas satisfeitas: 1980/2556 (77.5%)
Trail: 1955 1960 1960 1960 1960 1960 1960 1960 1960 1961 1966 1967 1967 1967 1967 1967 1967 1967 1971 1971
Cláusulas satisfeitas: 1986/2556 (77.7%)
Trail: 1948 1950 1961 1961 1961 1961 1961 1961 1993 1993 1993 1993 1993 1993 1993 1993 1993 1993 1993 1993
Cláusulas satisfeitas: 1996/2556 (78.1%)
Trail: 1986 1986 1986 1986 1986 1986 1986 1986 1986 1986 1986 1986 1986 1986 1986 1986 1986 1986 1986 1986
Cláusulas satisfeitas: 2019/2556 (79.0%)
Trail: 1967 1969 1971 1971 1971 1981 1981 1981 1981 1981 1981 1981 1981 1981 1981 1981 1981 1981 1981 1981
Cláusulas satisfeitas: 1981/2556 (77.5%)
Trail: 1972 1972 1972 1972 1972 1981 1981 1981 1981 1981 1981 1981 1981 1981 1981 1981 1981 1981 1981 1981
Cláusulas satisfeitas: 1981/2556 (77.5%)
Trail: 1965 1970 1970 1970 1970 1970 1970 1970 1970 1970 1970 1970 1970 1970 1970 1973 1973 1973 1973 1973
Cláusulas satisfeitas: 1987/2556 (77.7%)
Trail: 1963 1963 1968 1972 1972 1972 1972 1972 1972 1972 1972 1972 1972 1972 1972 1972 1972 1972 1972 1972
Cláusulas satisfeitas: 1998/2556 (78.2%)
Trail: 1980 1980 1980 1980 1980 1980 1980 1980 1980 1980 1980 1980 1980 1980 1980 1980 1980 1980 1980 1980
Cláusulas satisfeitas: 1980/2556 (77.5%)
Trail: 1957 1957 1957 1964 1964 1967 1969 1969 1973 1973 1973 1973 1973 1973 1973 1973 1973 1973 1973 1973
Cláusulas satisfeitas: 1973/2556 (77.2%)
Trail: 1966 1966 1966 1966 1966 1966 1966 1966 1966 1966 1966 1966 1966 1966 1966 1977 1977 1977 1977 1977
Cláusulas satisfeitas: 1987/2556 (77.7%)
Trail: 1962 1962 1962 1962 1967 1967 1967 1967 1967 1967 1967 1967 1967 1967 1967 1967 1967 1967 1967 1973
Cláusulas satisfeitas: 1984/2556 (77.6%)
Trail: 1962 1962 1974 1974 1974 1974 1974 1974 1974 1974 1974 1974 1974 1974 1974 1974 1974 1974 1974 1974
Cláusulas satisfeitas: 1975/2556 (77.3%)
Trail: 1982 1982 1985 1985 1985 1985 1985 1985 1985 1985 1985 1985 1985 1985 1985 1985 1985 1985 1985 1985
Cláusulas satisfeitas: 1986/2556 (77.7%)
Trail: 1965 1965 1965 1971 1971 1971 1971 1971 1971 1971 1971 1971 1971 1971 1971 1971 1971 1971 1971 1971
Cláusulas satisfeitas: 1996/2556 (78.1%)
Trail: 1967 1967 1975 1975 1980 1980 1980 1980 1980 1980 1980 1980 1980 1980 1980 1980 1980 1980 1980 1980
Cláusulas satisfeitas: 1980/2556 (77.5%)
Trail: 1960 1960 1960 1960 1960 1960 1960 1962 1962 1962 1964 1964 1965 1988 1988 1988 1988 1988 1988 1988
Cláusulas satisfeitas: 1989/2556 (77.8%)
Trail: 1955 1955 1955 1955 1955 1955 1955 1963 1963 1963 1963 1966 1966 1966 1966 1966 1966 1966 1966 1966
Cláusulas satisfeitas: 1966/2556 (76.9%)
Trail: 1945 1945 1945 1956 1956 1956 1956 1956 1960 1960 1973 1973 1973 1973 1973 1973 1973 1973 1973 1973
Cláusulas satisfeitas: 1979/2556 (77.4%)
Trail: 1954 1954 1964 1964 1964 1964 1964 1964 1964 1964 1964 1972 1972 1972 1976 1976 1976 1976 1976 1976
Cláusulas satisfeitas: 1984/2556 (77.6%)
Trail: 1963 1963 1968 1972 1972 1974 1975 1975 1975 1975 1975 1978 1978 1978 1985 1985 1985 1985 1985 1985
Cláusulas satisfeitas: 1997/2556 (78.1%)
Trail: 1978 1978 1978 1978 1978 1978 1978 1978 1978 1978 1978 1978 1978 1978 1978 1978 1978 1978 1978 1978
Cláusulas satisfeitas: 1978/2556 (77.4%)
Trail: 1967 1967 1967 1967 1967 1967 1967 1967 1967 1972 1990 1990 1990 1990 1990 1990 1990 1990 1990 1990
Cláusulas satisfeitas: 1990/2556 (77.9%)
Trail: 1957 1963 1963 1963 1963 1963 1963 1963 1963 1966 1966 1966 1981 1981 1981 1981 1981 1981 1981 1981
Cláusulas satisfeitas: 1981/2556 (77.5%)
Trail: 1961 1961 1976 1976 1976 1976 1976 1976 1976 1976 1976 1976 1976 1976 1976 1976 1976 1976 1976 1978
Cláusulas satisfeitas: 1981/2556 (77.5%)
Trail: 1970 1970 1970 1975 1975 1975 1975 1975 1975 1975 1975 1975 1975 1975 1975 1975 1975 1975 1975 1975
Cláusulas satisfeitas: 1985/2556 (77.7%)
Trail: 1957 1961 1985 1985 1985 1985 1985 1985 1985 1985 1985 1985 1985 1985 1985 1985 1985 1985 1985 1985
Cláusulas satisfeitas: 1985/2556 (77.7%)
Trail: 1960 1960 1960 1967 1967 1967 1967 1967 1967 1967 1967 1967 1967 1971 1971 1971 1971 1971 1971 1971
Cláusulas satisfeitas: 1985/2556 (77.7%)
-- Abordagem: --uniforme 0.2
Trail: 1965 1965 1965 1965 1970 1970 1970 1970 1975 1975 1975 1975 1975 1975 1975 1975 1975 1975 1975 1975
Cláusulas satisfeitas: 1989/2556 (77.8%)
Trail: 1953 1953 1953 1953 1953 1953 1953 1956 1969 1969 1969 1969 1969 1969 1970 1970 1970 1970 1970 1970
Cláusulas satisfeitas: 1979/2556 (77.4%)
Trail: 1975 1975 1975 1975 1975 1975 1975 1975 1975 1987 1987 1987 1987 1987 1987 1987 1987 1987 1987 1987
Cláusulas satisfeitas: 1987/2556 (77.7%)
Trail: 1965 1965 1965 1965 1974 1974 1974 1974 1974 1974 1974 1974 1974 1974 1974 1974 1974 1974 1974 1974
Cláusulas satisfeitas: 1980/2556 (77.5%)
Trail: 1965 1965 1970 1970 1970 1970 1970 1970 1970 1970 1970 1970 1970 1972 1976 1977 1977 1977 1977 1977
Cláusulas satisfeitas: 1992/2556 (77.9%)
Trail: 1953 1953 1953 1953 1953 1961 1961 1961 1961 1961 1962 1962 1962 1962 1962 1962 1967 1967 1967 1967
Cláusulas satisfeitas: 1968/2556 (77.0%)
Trail: 1957 1957 1957 1957 1957 1957 1957 1967 1967 1967 1969 1969 1969 1969 1969 1969 1969 1969 1969 1969
Cláusulas satisfeitas: 1986/2556 (77.7%)
Trail: 1955 1955 1956 1957 1957 1957 1970 1970 1970 1970 1970 1970 1971 1977 1977 1977 1977 1985 1985 1985
Cláusulas satisfeitas: 1987/2556 (77.7%)
Trail: 1961 1961 1961 1961 1961 1961 1961 1961 1961 1975 1975 1975 1975 1975 1975 1975 1975 1975 1975 1975
Cláusulas satisfeitas: 1975/2556 (77.3%)
Trail: 1960 1960 1965 1965 1972 1972 1972 1972 1972 1972 1972 1972 1972 1972 1972 1972 1972 1972 1974 1974
Cláusulas satisfeitas: 1998/2556 (78.2%)
Trail: 1945 1950 1961 1961 1961 1961 1968 1974 1974 1980 1980 1980 1980 1980 1980 1980 1980 1980 1980 1980
Cláusulas satisfeitas: 2030/2556 (79.4%)
Trail: 1975 1975 1975 1975 1975 1975 1975 1975 1983 1983 1983 1983 1983 1983 1983 1983 1983 1983 1983 1983
Cláusulas satisfeitas: 1983/2556 (77.6%)
Trail: 1953 1953 1956 1966 1966 1966 1966 1974 1974 1974 1974 1974 1974 1974 1974 1974 1974 1974 1974 1974
Cláusulas satisfeitas: 1981/2556 (77.5%)
Trail: 1980 1980 1980 1980 1980 1985 1985 1985 1985 1985 1985 1987 1987 1987 1987 1987 1987 1987 1987 1987
Cláusulas satisfeitas: 1987/2556 (77.7%)
Trail: 1944 1944 1948 1963 1963 1963 1963 1963 1963 1963 1963 1963 1963 1963 1963 1963 1972 1972 1972 1972
Cláusulas satisfeitas: 1972/2556 (77.2%)
Trail: 1957 1959 1969 1969 1969 1969 1969 1969 1969 1969 1973 1973 1973 1973 1973 1973 1974 1974 1974 1974
Cláusulas satisfeitas: 1974/2556 (77.2%)
Trail: 1962 1962 1962 1965 1965 1965 1965 1965 1965 1965 1965 1971 1972 1972 1972 1972 1972 1972 1972 1972
Cláusulas satisfeitas: 1972/2556 (77.2%)
Trail: 1954 1954 1954 1955 1956 1963 1967 1967 1967 1974 1974 1974 1974 1980 1980 1980 1980 1980 1980 1980
Cláusulas satisfeitas: 1980/2556 (77.5%)
Trail: 1962 1962 1962 1972 1972 1972 1972 1972 1972 1972 1972 1972 1972 1972 1972 1972 1972 1972 1972 1972
Cláusulas satisfeitas: 1979/2556 (77.4%)
Trail: 1939 1957 1957 1966 1966 1966 1966 1966 1966 1966 1966 1966 1966 1966 1966 1966 1966 1966 1967 1967
Cláusulas satisfeitas: 2001/2556 (78.3%)
Trail: 1958 1958 1958 1958 1960 1960 1960 1960 1960 1960 1960 1960 1960 1960 1977 1977 1977 1977 1977 1977
Cláusulas satisfeitas: 1977/2556 (77.3%)
Trail: 1980 1980 1980 1980 1980 1980 1989 1989 1989 1989 1989 1989 1989 1989 1989 1989 1989 1989 1989 1989
Cláusulas satisfeitas: 1989/2556 (77.8%)
Trail: 1960 1960 1960 1963 1963 1963 1972 1972 1972 1972 1972 1972 1972 1972 1972 1972 1972 1972 1972 1973
Cláusulas satisfeitas: 1982/2556 (77.5%)
Trail: 1967 1967 1967 1967 1967 1967 1967 1967 1967 1967 1967 1967 1967 1970 1974 1974 1978 1978 1978 1978
Cláusulas satisfeitas: 1998/2556 (78.2%)
Trail: 1965 1965 1965 1965 1965 1965 1965 1965 1965 1965 1965 1965 1965 1965 1965 1965 1965 1965 1965 1965
Cláusulas satisfeitas: 2002/2556 (78.3%)
Trail: 1974 1974 1974 1974 1974 1974 1974 1974 1974 1974 1974 1974 1974 1974 1974 1974 1976 1976 1976 1976
Cláusulas satisfeitas: 1986/2556 (77.7%)
Trail: 1946 1958 1958 1958 1959 1970 1970 1970 1970 1970 1970 1970 1971 1971 1971 1971 1971 1971 1971 1971
Cláusulas satisfeitas: 1981/2556 (77.5%)
Trail: 1947 1963 1967 1967 1967 1967 1967 1967 1967 1972 1972 1972 1972 1972 1980 1980 1980 1980 1980 1980
Cláusulas satisfeitas: 1985/2556 (77.7%)
Trail: 1954 1962 1962 1962 1962 1962 1962 1969 1981 1981 1981 1981 1981 1981 1986 1986 1986 1986 1986 1986
Cláusulas satisfeitas: 1986/2556 (77.7%)
Trail: 1960 1960 1960 1960 1960 1969 1969 1969 1969 1969 1969 1969 1972 1972 1972 1984 1984 1984 1984 1984
Cláusulas satisfeitas: 1989/2556 (77.8%)
