-- Abordagem: --chaos 0.2 --search reckless --steps 1
Trail: 1479 1531 1548 1554 1556 1562 1562 1565 1565 1565 1565 1565 1566 1570 1573 1574 1579 1579 1579 1579
Cláusulas satisfeitas: 1579/1917 (82.4%)
Trail: 1464 1563 1563 1573 1573 1573 1574 1574 1574 1574 1574 1577 1577 1579 1579 1579 1594 1594 1594 1594
Cláusulas satisfeitas: 1594/1917 (83.2%)
Trail: 1495 1556 1558 1564 1564 1564 1564 1564 1564 1564 1564 1564 1569 1578 1589 1593 1593 1593 1593 1593
Cláusulas satisfeitas: 1593/1917 (83.1%)
Trail: 1473 1561 1577 1577 1577 1577 1577 1579 1579 1579 1579 1579 1584 1584 1584 1584 1584 1584 1584 1584
Cláusulas satisfeitas: 1584/1917 (82.6%)
Trail: 1474 1563 1563 1563 1567 1570 1574 1574 1574 1574 1574 1578 1579 1582 1582 1588 1588 1588 1588 1588
Cláusulas satisfeitas: 1588/1917 (82.8%)
Trail: 1474 1561 1588 1588 1588 1588 1592 1592 1592 1592 1592 1592 1592 1592 1592 1592 1592 1592 1592 1592
Cláusulas satisfeitas: 1592/1917 (83.0%)
Trail: 1501 1561 1561 1561 1561 1580 1580 1580 1580 1580 1580 1585 1585 1585 1585 1585 1585 1585 1585 1585
Cláusulas satisfeitas: 1585/1917 (82.7%)
Trail: 1478 1592 1592 1592 1592 1592 1592 1592 1592 1598 1598 1598 1598 1598 1598 1598 1598 1598 1598 1598
Cláusulas satisfeitas: 1598/1917 (83.4%)
Trail: 1471 1537 1547 1548 1548 1548 1549 1551 1555 1572 1575 1575 1575 1575 1575 1575 1600 1600 1600 1600
Cláusulas satisfeitas: 1600/1917 (83.5%)
Trail: 1476 1558 1562 1568 1568 1568 1568 1568 1568 1568 1569 1572 1582 1582 1582 1582 1582 1582 1582 1582
Cláusulas satisfeitas: 1582/1917 (82.5%)
Trail: 1478 1557 1568 1568 1568 1568 1568 1572 1572 1572 1572 1572 1572 1572 1572 1572 1572 1572 1580 1580
Cláusulas satisfeitas: 1580/1917 (82.4%)
Trail: 1481 1537 1543 1555 1555 1557 1557 1557 1568 1577 1577 1577 1580 1580 1580 1580 1582 1582 1582 1591
Cláusulas satisfeitas: 1591/1917 (83.0%)
Trail: 1474 1545 1549 1562 1565 1565 1565 1601 1601 1601 1601 1601 1601 1601 1601 1601 1601 1601 1601 1601
Cláusulas satisfeitas: 1601/1917 (83.5%)
Trail: 1477 1555 1555 1557 1565 1565 1570 1587 1587 1587 1587 1587 1589 1602 1602 1602 1602 1602 1602 1602
Cláusulas satisfeitas: 1602/1917 (83.6%)
Trail: 1480 1545 1552 1552 1565 1565 1565 1578 1578 1578 1578 1578 1578 1578 1578 1582 1582 1582 1582 1582
Cláusulas satisfeitas: 1582/1917 (82.5%)
Trail: 1474 1544 1554 1559 1559 1568 1568 1570 1570 1570 1570 1581 1581 1581 1581 1581 1581 1582 1585 1585
Cláusulas satisfeitas: 1585/1917 (82.7%)
Trail: 1467 1534 1534 1547 1563 1564 1566 1583 1584 1584 1584 1584 1584 1587 1587 1587 1587 1587 1587 1587
Cláusulas satisfeitas: 1587/1917 (82.8%)
Trail: 1473 1544 1575 1575 1575 1575 1575 1575 1576 1581 1581 1581 1581 1581 1581 1581 1581 1581 1593 1593
Cláusulas satisfeitas: 1593/1917 (83.1%)
Trail: 1484 1554 1554 1585 1585 1585 1585 1585 1585 1585 1585 1591 1591 1591 1591 1591 1591 1591 1591 1598
Cláusulas satisfeitas: 1598/1917 (83.4%)
Trail: 1478 1555 1555 1562 1566 1570 1581 1581 1581 1581 1581 1581 1581 1581 1581 1581 1581 1581 1581 1581
Cláusulas satisfeitas: 1581/1917 (82.5%)
Trail: 1487 1556 1567 1570 1570 1570 1572 1572 1572 1572 1572 1572 1572 1572 1574 1577 1577 1577 1577 1577
Cláusulas satisfeitas: 1577/1917 (82.3%)
Trail: 1472 1547 1549 1554 1554 1554 1566 1566 1568 1568 1578 1578 1578 1578 1580 1595 1595 1595 1595 1595
Cláusulas satisfeitas: 1595/1917 (83.2%)
Trail: 1465 1540 1551 1553 1570 1582 1582 1582 1582 1582 1582 1582 1582 1582 1582 1582 1585 1585 1585 1585
Cláusulas satisfeitas: 1585/1917 (82.7%)
Trail: 1480 1537 1537 1542 1581 1581 1581 1581 1581 1581 1581 1581 1581 1581 1581 1581 1594 1594 1601 1601
Cláusulas satisfeitas: 1601/1917 (83.5%)
Trail: 1462 1550 1550 1554 1554 1554 1572 1572 1572 1572 1572 1572 1572 1572 1600 1600 1600 1600 1600 1600
Cláusulas satisfeitas: 1600/1917 (83.5%)
Trail: 1470 1550 1553 1553 1560 1572 1589 1589 1589 1589 1589 1589 1589 1589 1589 1589 1589 1589 1589 1589
Cláusulas satisfeitas: 1589/1917 (82.9%)
Trail: 1476 1560 1560 1576 1576 1576 1576 1576 1576 1576 1576 1576 1576 1576 1576 1576 1576 1591 1591 1598
Cláusulas satisfeitas: 1598/1917 (83.4%)
Trail: 1471 1586 1586 1586 1586 1586 1586 1586 1586 1588 1588 1597 1597 1597 1597 1597 1597 1597 1597 1597
Cláusulas satisfeitas: 1597/1917 (83.3%)
Trail: 1468 1549 1553 1557 1572 1572 1572 1572 1573 1573 1573 1573 1573 1589 1589 1589 1589 1589 1589 1589
Cláusulas satisfeitas: 1589/1917 (82.9%)
Trail: 1485 1524 1541 1552 1552 1552 1580 1580 1580 1580 1582 1582 1582 1582 1582 1582 1583 1583 1583 1583
Cláusulas satisfeitas: 1583/1917 (82.6%)
-- Abordagem: --chaos 0.2
Trail: 1477 1477 1490 1490 1490 1490 1490 1490 1493 1501 1501 1501 1501 1501 1501 1501 1501 1501 1501 1501
Cláusulas satisfeitas: 1501/1917 (78.3%)
Trail: 1499 1499 1499 1499 1499 1499 1499 1499 1499 1499 1499 1499 1499 1499 1499 1499 1499 1499 1499 1499
Cláusulas satisfeitas: 1499/1917 (78.2%)
Trail: 1484 1484 1484 1484 1484 1484 1484 1484 1484 1484 1484 1484 1484 1486 1486 1486 1486 1486 1486 1486
Cláusulas satisfeitas: 1486/1917 (77.5%)
Trail: 1469 1469 1469 1469 1478 1478 1483 1483 1483 1483 1483 1483 1483 1483 1483 1483 1483 1485 1493 1493
Cláusulas satisfeitas: 1494/1917 (77.9%)
Trail: 1476 1476 1477 1488 1488 1488 1488 1488 1488 1488 1488 1488 1488 1488 1488 1488 1488 1488 1488 1488
Cláusulas satisfeitas: 1499/1917 (78.2%)
Trail: 1474 1474 1474 1474 1480 1480 1480 1480 1480 1480 1480 1480 1486 1486 1486 1486 1486 1486 1486 1486
Cláusulas satisfeitas: 1491/1917 (77.8%)
Trail: 1480 1480 1480 1480 1480 1480 1480 1480 1484 1484 1484 1484 1484 1484 1490 1494 1494 1494 1494 1494
Cláusulas satisfeitas: 1495/1917 (78.0%)
Trail: 1467 1468 1474 1478 1478 1489 1489 1489 1489 1489 1489 1489 1489 1489 1489 1489 1489 1489 1489 1489
Cláusulas satisfeitas: 1489/1917 (77.7%)
Trail: 1481 1481 1483 1483 1483 1483 1483 1483 1483 1483 1483 1483 1483 1483 1483 1483 1483 1483 1483 1484
Cláusulas satisfeitas: 1484/1917 (77.4%)
Trail: 1473 1476 1476 1480 1480 1480 1480 1486 1490 1490 1490 1490 1490 1490 1490 1490 1490 1490 1490 1490
Cláusulas satisfeitas: 1504/1917 (78.5%)
Trail: 1470 1470 1485 1485 1485 1485 1485 1485 1485 1485 1485 1485 1485 1485 1485 1485 1485 1485 1485 1485
Cláusulas satisfeitas: 1489/1917 (77.7%)
Trail: 1488 1488 1488 1488 1488 1488 1488 1488 1488 1488 1488 1488 1488 1488 1488 1488 1488 1488 1488 1488
Cláusulas satisfeitas: 1490/1917 (77.7%)
Trail: 1482 1482 1482 1482 1482 1482 1485 1485 1485 1485 1488 1488 1493 1493 1493 1493 1493 1493 1493 1493
Cláusulas satisfeitas: 1493/1917 (77.9%)
Trail: 1478 1478 1484 1484 1484 1484 1484 1484 1484 1484 1484 1484 1484 1484 1484 1484 1484 1484 1488 1488
Cláusulas satisfeitas: 1503/1917 (78.4%)
Trail: 1461 1465 1465 1469 1473 1473 1473 1473 1478 1478 1478 1489 1489 1489 1489 1489 1489 1489 1489 1489
Cláusulas satisfeitas: 1489/1917 (77.7%)
Trail: 1479 1479 1479 1479 1479 1479 1479 1490 1490 1496 1496 1496 1496 1496 1496 1496 1496 1496 1496 1496
Cláusulas satisfeitas: 1496/1917 (78.0%)
Trail: 1506 1506 1506 1506 1506 1506 1506 1506 1506 1506 1506 1506 1506 1506 1506 1506 1506 1506 1506 1506
Cláusulas satisfeitas: 1506/1917 (78.6%)
Trail: 1470 1470 1470 1470 1470 1470 1470 1473 1473 1483 1485 1485 1485 1485 1485 1485 1485 1485 1485 1486
Cláusulas satisfeitas: 1492/1917 (77.8%)
Trail: 1482 1482 1482 1482 1482 1482 1482 1482 1482 1482 1482 1482 1483 1490 1490 1490 1490 1490 1490 1490
Cláusulas satisfeitas: 1501/1917 (78.3%)
Trail: 1481 1481 1481 1481 1481 1481 1481 1481 1481 1481 1481 1481 1481 1481 1481 1481 1481 1481 1481 1481
Cláusulas satisfeitas: 1481/1917 (77.3%)
Trail: 1469 1469 1469 1470 1481 1481 1481 1481 1481 1481 1481 1481 1481 1481 1481 1481 1481 1481 1481 1481
Cláusulas satisfeitas: 1492/1917 (77.8%)
Trail: 1480 1480 1480 1484 1484 1484 1484 1485 1485 1485 1485 1485 1485 1485 1485 1485 1485 1485 1487 1488
Cláusulas satisfeitas: 1504/1917 (78.5%)
Trail: 1472 1472 1472 1472 1472 1472 1472 1472 1472 1472 1472 1472 1472 1472 1472 1472 1472 1472 1472 1472
Cláusulas satisfeitas: 1482/1917 (77.3%)
Trail: 1482 1482 1482 1482 1482 1482 1485 1485 1485 1485 1488 1488 1488 1488 1488 1488 1488 1488 1488 1488
Cláusulas satisfeitas: 1490/1917 (77.7%)
Trail: 1476 1476 1476 1476 1476 1476 1476 1477 1477 1477 1477 1477 1477 1477 1477 1477 1477 1479 1479 1479
Cláusulas satisfeitas: 1479/1917 (77.2%)
Trail: 1473 1477 1477 1477 1477 1477 1477 1477 1477 1477 1477 1477 1477 1477 1479 1479 1479 1479 1479 1479
Cláusulas satisfeitas: 1479/1917 (77.2%)
Trail: 1467 1467 1467 1467 1467 1487 1487 1487 1487 1487 1487 1487 1487 1487 1487 1487 1487 1487 1487 1487
Cláusulas satisfeitas: 1491/1917 (77.8%)
Trail: 1492 1492 1492 1492 1492 1492 1492 1492 1492 1492 1492 1508 1508 1508 1508 1508 1508 1508 1508 1508
Cláusulas satisfeitas: 1508/1917 (78.7%)
Trail: 1479 1480 1480 1482 1482 1482 1482 1482 1482 1482 1482 1500 1500 1500 1500 1500 1500 1500 1500 1500
Cláusulas satisfeitas: 1500/1917 (78.2%)
Trail: 1459 1467 1468 1468 1477 1477 1497 1497 1497 1497 1497 1497 1497 1497 1497 1497 1497 1497 1497 1497
Cláusulas satisfeitas: 1510/1917 (78.8%)
-- Abordagem: --uniforme 0.2
Trail: 1467 1478 1481 1483 1492 1493 1493 1493 1493 1494 1494 1494 1494 1494 1494 1494 1494 1494 1494 1494
Cláusulas satisfeitas: 1498/1917 (78.1%)
Trail: 1465 1466 1466 1466 1466 1468 1471 1471 1478 1478 1478 1486 1486 1486 1486 1486 1486 1486 1486 1486
Cláusulas satisfeitas: 1500/1917 (78.2%)
Trail: 1464 1468 1468 1479 1479 1479 1479 1483 1483 1488 1488 1490 1490 1490 1490 1490 1490 1490 1490 1490
Cláusulas satisfeitas: 1501/1917 (78.3%)
Trail: 1484 1484 1484 1486 1486 1486 1486 1486 1486 1486 1486 1486 1486 1486 1486 1486 1486 1486 1486 1486
Cláusulas satisfeitas: 1486/1917 (77.5%)
Trail: 1487 1487 1487 1487 1488 1488 1488 1488 1488 1488 1488 1488 1488 1488 1488 1490 1503 1503 1503 1503
Cláusulas satisfeitas: 1508/1917 (78.7%)
Trail: 1485 1485 1485 1485 1485 1485 1485 1485 1485 1485 1485 1485 1485 1485 1485 1485 1485 1485 1485 1485
Cláusulas satisfeitas: 1485/1917 (77.5%)
Trail: 1470 1470 1470 1470 1474 1475 1475 1477 1483 1483 1483 1483 1483 1483 1490 1490 1490 1490 1490 1490
Cláusulas satisfeitas: 1507/1917 (78.6%)
Trail: 1477 1477 1477 1477 1477 1477 1477 1477 1478 1479 1479 1479 1479 1479 1479 1479 1479 1479 1479 1479
Cláusulas satisfeitas: 1497/1917 (78.1%)
Trail: 1491 1491 1491 1491 1491 1491 1491 1491 1491 1491 1491 1508 1508 1508 1508 1508 1508 1508 1508 1508
Cláusulas satisfeitas: 1508/1917 (78.7%)
Trail: 1466 1466 1469 1469 1469 1472 1478 1478 1481 1481 1481 1481 1484 1484 1484 1484 1484 1488 1488 1488
Cláusulas satisfeitas: 1490/1917 (77.7%)
Trail: 1492 1492 1492 1492 1492 1492 1492 1492 1492 1492 1492 1492 1492 1492 1492 1492 1492 1492 1492 1492
Cláusulas satisfeitas: 1501/1917 (78.3%)
Trail: 1486 1486 1486 1486 1486 1486 1486 1486 1486 1486 1486 1486 1486 1486 1486 1486 1486 1488 1488 1488
Cláusulas satisfeitas: 1497/1917 (78.1%)
Trail: 1479 1479 1479 1479 1479 1479 1479 1480 1480 1488 1488 1488 1488 1488 1488 1488 1488 1488 1488 1489
Cláusulas satisfeitas: 1495/1917 (78.0%)
Trail: 1468 1468 1468 1473 1473 1473 1473 1473 1473 1474 1474 1474 1477 1480 1480 1480 1480 1487 1487 1487
Cláusulas satisfeitas: 1487/1917 (77.6%)
Trail: 1484 1484 1484 1484 1484 1484 1489 1489 1489 1489 1489 1489 1489 1489 1489 1489 1489 1489 1489 1489
Cláusulas satisfeitas: 1489/1917 (77.7%)
Trail: 1468 1474 1480 1487 1487 1487 1487 1487 1487 1487 1487 1487 1487 1487 1487 1487 1487 1487 1490 1490
Cláusulas satisfeitas: 1490/1917 (77.7%)
Trail: 1485 1485 1485 1485 1485 1485 1486 1486 1486 1486 1486 1486 1486 1486 1486 1486 1486 1486 1486 1486
Cláusulas satisfeitas: 1496/1917 (78.0%)
Trail: 1474 1474 1474 1480 1485 1485 1485 1489 1489 1489 1489 1489 1489 1489 1489 1489 1489 1489 1489 1489
Cláusulas satisfeitas: 1497/1917 (78.1%)
Trail: 1474 1483 1483 1483 1486 1486 1486 1486 1486 1489 1489 1489 1489 1489 1491 1491 1495 1495 1495 1495
Cláusulas satisfeitas: 1495/1917 (78.0%)
Trail: 1476 1476 1480 1480 1480 1480 1480 1480 1480 1480 1480 1482 1482 1482 1482 1482 1482 1482 1482 1482
Cláusulas satisfeitas: 1488/1917 (77.6%)
Trail: 1478 1478 1478 1491 1491 1491 1491 1491 1491 1491 1491 1491 1491 1491 1491 1491 1491 1491 1491 1491
Cláusulas satisfeitas: 1491/1917 (77.8%)
Trail: 1481 1481 1481 1481 1481 1481 1481 1481 1481 1481 1481 1484 1484 1484 1488 1488 1488 1488 1488 1488
Cláusulas satisfeitas: 1500/1917 (78.2%)
Trail: 1497 1497 1497 1497 1497 1497 1497 1497 1497 1497 1497 1497 1497 1497 1497 1497 1497 1497 1497 1497
Cláusulas satisfeitas: 1497/1917 (78.1%)
Trail: 1466 1478 1478 1478 1478 1483 1484 1484 1484 1484 1484 1484 1484 1484 1484 1484 1484 1484 1484 1484
Cláusulas satisfeitas: 1506/1917 (78.6%)
Trail: 1480 1480 1480 1488 1488 1488 1489 1489 1489 1489 1489 1494 1494 1494 1494 1494 1494 1494 1494 1494
Cláusulas satisfeitas: 1499/1917 (78.2%)
Trail: 1464 1464 1464 1468 1479 1479 1479 1479 1479 1479 1479 1479 1487 1487 1487 1487 1487 1487 1487 1496
Cláusulas satisfeitas: 1496/1917 (78.0%)
Trail: 1477 1477 1477 1477 1477 1477 1477 1477 1477 1477 1477 1479 1479 1479 1479 1479 1491 1491 1493 1493
Cláusulas satisfeitas: 1495/1917 (78.0%)
Trail: 1481 1481 1481 1481 1481 1481 1481 1481 1481 1481 1481 1481 1481 1482 1482 1482 1482 1482 1482 1482
Cláusulas satisfeitas: 1485/1917 (77.5%)
Trail: 1480 1480 1486 1488 1488 1488 1488 1488 1488 1488 1488 1488 1488 1488 1488 1488 1488 1488 1488 1488
Cláusulas satisfeitas: 1489/1917 (77.7%)
Trail: 1472 1481 1481 1488 1488 1488 1488 1488 1488 1488 1488 1488 1488 1488 1488 1488 1488 1488 1488 1488
Cláusulas satisfeitas: 1501/1917 (78.3%)
