-- Abordagem: --chaos 0.2 --search reckless --steps 1
Trail: 2911 3058 3088 3088 3088 3093 3108 3118 3118 3118 3142 3142 3142 3142 3142 3142 3142 3142 3143 3152
Cláusulas satisfeitas: 3152/3834 (82.2%)
Trail: 2945 3066 3066 3071 3071 3071 3086 3108 3108 3108 3108 3108 3108 3108 3108 3110 3110 3110 3132 3140
Cláusulas satisfeitas: 3140/3834 (81.9%)
Trail: 2927 3110 3110 3110 3110 3110 3110 3110 3110 3110 3110 3121 3121 3121 3121 3121 3121 3121 3121 3121
Cláusulas satisfeitas: 3121/3834 (81.4%)
Trail: 2941 3073 3073 3073 3081 3089 3092 3092 3095 3095 3095 3096 3107 3107 3126 3134 3134 3134 3134 3139
Cláusulas satisfeitas: 3139/3834 (81.9%)
Trail: 2917 3081 3081 3081 3103 3103 3103 3103 3103 3109 3109 3126 3126 3126 3126 3126 3129 3129 3129 3129
Cláusulas satisfeitas: 3129/3834 (81.6%)
Trail: 2953 3094 3094 3094 3094 3118 3118 3118 3118 3118 3118 3118 3118 3118 3118 3145 3150 3150 3150 3150
Cláusulas satisfeitas: 3150/3834 (82.2%)
Trail: 2902 3063 3098 3098 3098 3098 3112 3112 3123 3123 3123 3123 3128 3128 3155 3155 3155 3155 3155 3155
Cláusulas satisfeitas: 3155/3834 (82.3%)
Trail: 2954 3109 3109 3109 3123 3123 3123 3137 3137 3137 3137 3137 3139 3161 3161 3161 3161 3161 3161 3161
Cláusulas satisfeitas: 3161/3834 (82.4%)
Trail: 2927 3073 3074 3104 3104 3104 3104 3104 3115 3115 3115 3115 3115 3115 3115 3118 3127 3127 3127 3127
Cláusulas satisfeitas: 3127/3834 (81.6%)
Trail: 2941 3061 3061 3061 3067 3068 3112 3112 3112 3117 3117 3117 3117 3117 3122 3122 3122 3122 3122 3122
Cláusulas satisfeitas: 3122/3834 (81.4%)
Trail: 2931 3079 3079 3079 3079 3115 3124 3124 3124 3124 3124 3124 3124 3124 3131 3138 3138 3138 3138 3138
Cláusulas satisfeitas: 3138/3834 (81.8%)
Trail: 2953 3099 3099 3099 3099 3099 3099 3099 3099 3099 3099 3118 3118 3118 3118 3118 3118 3118 3122 3122
Cláusulas satisfeitas: 3122/3834 (81.4%)
Trail: 2930 3068 3068 3069 3069 3080 3113 3120 3120 3120 3120 3120 3120 3120 3120 3120 3120 3120 3125 3125
Cláusulas satisfeitas: 3125/3834 (81.5%)
Trail: 2942 3083 3083 3083 3083 3089 3089 3089 3089 3103 3103 3103 3103 3103 3103 3103 3103 3106 3109 3131
Cláusulas satisfeitas: 3131/3834 (81.7%)
Trail: 2932 3099 3105 3105 3105 3118 3118 3118 3118 3118 3118 3118 3118 3118 3118 3118 3118 3118 3118 3118
Cláusulas satisfeitas: 3118/3834 (81.3%)
Trail: 2926 3065 3114 3114 3124 3124 3124 3125 3125 3125 3125 3125 3125 3125 3129 3129 3129 3129 3129 3129
Cláusulas satisfeitas: 3129/3834 (81.6%)
Trail: 2919 3053 3091 3091 3091 3091 3091 3100 3100 3107 3125 3125 3125 3125 3125 3125 3125 3125 3138 3138
Cláusulas satisfeitas: 3138/3834 (81.8%)
Trail: 2956 3033 3064 3083 3083 3083 3089 3095 3112 3112 3112 3112 3116 3129 3140 3140 3140 3140 3140 3140
Cláusulas satisfeitas: 3140/3834 (81.9%)
Trail: 2918 3035 3073 3098 3098 3098 3098 3098 3098 3116 3134 3159 3159 3159 3159 3159 3159 3159 3159 3159
Cláusulas satisfeitas: 3159/3834 (82.4%)
Trail: 2937 3041 3051 3059 3130 3130 3130 3130 3130 3130 3130 3130 3130 3130 3154 3154 3154 3154 3154 3154
Cláusulas satisfeitas: 3154/3834 (82.3%)
Trail: 2939 3048 3060 3075 3075 3081 3088 3088 3088 3088 3097 3097 3097 3097 3117 3117 3117 3117 3117 3117
Cláusulas satisfeitas: 3117/3834 (81.3%)
Trail: 2944 3045 3070 3081 3081 3081 3082 3084 3099 3099 3099 3125 3125 3125 3125 3128 3128 3128 3128 3128
Cláusulas satisfeitas: 3128/3834 (81.6%)
Trail: 2946 3078 3078 3081 3091 3092 3157 3157 3157 3157 3158 3158 3158 3158 3158 3158 3158 3158 3158 3158
Cláusulas satisfeitas: 3158/3834 (82.4%)
Trail: 2930 3092 3096 3096 3096 3118 3122 3122 3122 3122 3122 3122 3127 3127 3127 3127 3127 3127 3127 3127
Cláusulas satisfeitas: 3127/3834 (81.6%)
Trail: 2931 3070 3098 3098 3098 3098 3098 3133 3133 3133 3133 3133 3133 3133 3133 3133 3133 3133 3133 3133
Cláusulas satisfeitas: 3133/3834 (81.7%)
Trail: 2924 3086 3107 3107 3111 3116 3127 3144 3144 3144 3144 3144 3144 3144 3144 3144 3144 3144 3144 3144
Cláusulas satisfeitas: 3144/3834 (82.0%)
Trail: 2943 3051 3057 3075 3077 3092 3092 3126 3126 3126 3126 3126 3126 3126 3126 3126 3126 3126 3126 3126
Cláusulas satisfeitas: 3126/3834 (81.5%)
Trail: 2916 3085 3085 3085 3087 3103 3112 3112 3112 3112 3112 3117 3157 3157 3157 3157 3157 3157 3157 3157
Cláusulas satisfeitas: 3157/3834 (82.3%)
Trail: 2929 3077 3090 3109 3109 3109 3109 3109 3109 3117 3129 3129 3129 3129 3129 3142 3142 3142 3142 3142
Cláusulas satisfeitas: 3142/3834 (82.0%)
Trail: 2926 3053 3067 3075 3131 3131 3131 3140 3140 3140 3140 3140 3140 3140 3140 3140 3140 3140 3140 3140
Cláusulas satisfeitas: 3140/3834 (81.9%)
-- Abordagem: --chaos 0.2
Trail: 2932 2932 2932 2937 2943 2943 2943 2943 2943 2943 2943 2943 2944 2944 2944 2944 2944 2944 2944 2944
Cláusulas satisfeitas: 2946/3834 (76.8%)
Trail: 2946 2946 2946 2946 2946 2947 2947 2947 2947 2947 2947 2947 2947 2947 2947 2947 2947 2947 2947 2947
Cláusulas satisfeitas: 2962/3834 (77.3%)
Trail: 2946 2946 2946 2946 2946 2946 2946 2946 2946 2946 2946 2946 2947 2947 2947 2947 2947 2947 2947 2947
Cláusulas satisfeitas: 2947/3834 (76.9%)
Trail: 2926 2926 2928 2928 2928 2937 2937 2937 2937 2937 2937 2948 2948 2948 2948 2948 2962 2962 2962 2962
Cláusulas satisfeitas: 2962/3834 (77.3%)
Trail: 2897 2903 2903 2903 2903 2911 2922 2928 2928 2928 2931 2931 2931 2933 2960 2960 2960 2960 2960 2960
Cláusulas satisfeitas: 2962/3834 (77.3%)
Trail: 2925 2945 2945 2945 2945 2945 2945 2945 2945 2945 2945 2945 2945 2945 2945 2949 2949 2949 2950 2950
Cláusulas satisfeitas: 2956/3834 (77.1%)
Trail: 2917 2917 2917 2928 2928 2928 2931 2931 2931 2931 2931 2938 2938 2944 2944 2944 2944 2944 2947 2947
Cláusulas satisfeitas: 2956/3834 (77.1%)
Trail: 2936 2936 2936 2936 2936 2936 2936 2936 2936 2936 2953 2953 2953 2972 2972 2972 2972 2972 2972 2972
Cláusulas satisfeitas: 2983/3834 (77.8%)
Trail: 2915 2916 2940 2940 2940 2940 2946 2946 2946 2956 2956 2956 2956 2956 2956 2956 2956 2964 2964 2964
Cláusulas satisfeitas: 2964/3834 (77.3%)
Trail: 2948 2948 2948 2948 2948 2948 2948 2948 2948 2948 2948 2948 2948 2948 2948 2948 2948 2948 2948 2948
Cláusulas satisfeitas: 2959/3834 (77.2%)
Trail: 2942 2942 2947 2947 2947 2947 2947 2947 2947 2947 2947 2947 2947 2947 2947 2947 2947 2947 2947 2947
Cláusulas satisfeitas: 2960/3834 (77.2%)
Trail: 2920 2920 2920 2920 2923 2954 2954 2954 2955 2970 2970 2970 2970 2970 2970 2970 2970 2970 2970 2970
Cláusulas satisfeitas: 2970/3834 (77.5%)
Trail: 2916 2916 2916 2922 2928 2928 2928 2934 2934 2934 2953 2953 2953 2953 2953 2953 2953 2953 2953 2953
Cláusulas satisfeitas: 2959/3834 (77.2%)
Trail: 2945 2945 2945 2945 2945 2945 2945 2945 2945 2945 2945 2945 2945 2945 2945 2945 2945 2945 2945 2945
Cláusulas satisfeitas: 2951/3834 (77.0%)
Trail: 2924 2924 2924 2924 2924 2926 2931 2935 2935 2935 2943 2943 2943 2943 2943 2943 2943 2943 2943 2943
Cláusulas satisfeitas: 2948/3834 (76.9%)
Trail: 2915 2916 2927 2927 2928 2928 2929 2929 2931 2934 2934 2934 2934 2940 2940 2940 2940 2940 2940 2940
Cláusulas satisfeitas: 2950/3834 (76.9%)
Trail: 2913 2922 2922 2922 2922 2922 2922 2928 2929 2929 2934 2934 2934 2934 2934 2937 2937 2942 2942 2942
Cláusulas satisfeitas: 2951/3834 (77.0%)
Trail: 2915 2915 2917 2926 2932 2932 2932 2932 2932 2932 2932 2932 2936 2936 2944 2944 2944 2944 2944 2944
Cláusulas satisfeitas: 2957/3834 (77.1%)
Trail: 2923 2923 2935 2935 2935 2935 2935 2935 2941 2947 2947 2947 2947 2947 2948 2980 2980 2980 2980 2980
Cláusulas satisfeitas: 2980/3834 (77.7%)
Trail: 2943 2943 2943 2943 2943 2943 2943 2943 2943 2965 2965 2965 2965 2965 2965 2965 2965 2965 2965 2965
Cláusulas satisfeitas: 2966/3834 (77.4%)
Trail: 2940 2940 2940 2940 2942 2965 2965 2965 2965 2965 2965 2965 2965 2965 2965 2965 2965 2965 2965 2965
Cláusulas satisfeitas: 2965/3834 (77.3%)
Trail: 2942 2942 2942 2942 2942 2942 2952 2952 2952 2952 2952 2952 2952 2952 2952 2952 2952 2952 2952 2952
Cláusulas satisfeitas: 2958/3834 (77.2%)
Trail: 2909 2909 2909 2909 2926 2926 2928 2935 2935 2935 2935 2935 2935 2935 2935 2935 2937 2937 2937 2939
Cláusulas satisfeitas: 2942/3834 (76.7%)
Trail: 2911 2911 2911 2916 2916 2916 2916 2917 2921 2923 2923 2923 2923 2923 2923 2923 2923 2923 2947 2947
Cláusulas satisfeitas: 2947/3834 (76.9%)
Trail: 2929 2929 2932 2932 2932 2932 2932 2932 2932 2932 2932 2932 2932 2932 2932 2932 2932 2937 2937 2937
Cláusulas satisfeitas: 2940/3834 (76.7%)
Trail: 2927 2937 2938 2938 2938 2938 2940 2940 2942 2947 2953 2971 2971 2971 2971 2971 2971 2971 2971 2971
Cláusulas satisfeitas: 2975/3834 (77.6%)
Trail: 2922 2922 2928 2941 2941 2941 2941 2941 2941 2941 2941 2941 2941 2941 2941 2941 2941 2941 2941 2941
Cláusulas satisfeitas: 2953/3834 (77.0%)
Trail: 2918 2927 2927 2928 2933 2933 2933 2933 2934 2944 2944 2944 2944 2944 2944 2950 2950 2950 2951 2951
Cláusulas satisfeitas: 2960/3834 (77.2%)
Trail: 2928 2928 2928 2930 2947 2947 2947 2947 2947 2947 2947 2947 2947 2947 2947 2947 2947 2957 2957 2957
Cláusulas satisfeitas: 2969/3834 (77.4%)
Trail: 2954 2954 2955 2955 2955 2955 2955 2955 2955 2955 2955 2955 2955 2955 2955 2955 2955 2955 2955 2955
Cláusulas satisfeitas: 2958/3834 (77.2%)
-- Abordagem: --uniforme 0.2
Trail: 2938 2938 2938 2938 2938 2938 2943 2943 2952 2952 2952 2952 2952 2952 2952 2952 2952 2952 2952 2952
Cláusulas satisfeitas: 2965/3834 (77.3%)
Trail: 2936 2942 2944 2944 2944 2944 2959 2959 2959 2959 2963 2963 2963 2963 2963 2963 2963 2963 2963 2963
Cláusulas satisfeitas: 2963/3834 (77.3%)
Trail: 2910 2923 2923 2923 2923 2923 2923 2930 2930 2940 2940 2940 2940 2940 2940 2940 2940 2940 2940 2940
Cláusulas satisfeitas: 2940/3834 (76.7%)
Trail: 2936 2936 2936 2936 2936 2936 2936 2941 2941 2941 2941 2944 2944 2944 2944 2955 2955 2955 2955 2955
Cláusulas satisfeitas: 2958/3834 (77.2%)
Trail: 2918 2918 2923 2923 2923 2923 2923 2923 2923 2923 2923 2923 2923 2923 2923 2923 2923 2923 2939 2939
Cláusulas satisfeitas: 2939/3834 (76.7%)
Trail: 2932 2932 2932 2932 2932 2932 2932 2932 2936 2936 2936 2936 2936 2936 2936 2936 2936 2936 2936 2944
Cláusulas satisfeitas: 2965/3834 (77.3%)
Trail: 2934 2934 2934 2934 2934 2934 2934 2947 2947 2947 2947 2947 2947 2947 2947 2960 2960 2960 2960 2960
Cláusulas satisfeitas: 2979/3834 (77.7%)
Trail: 2909 2912 2912 2923 2923 2923 2926 2926 2928 2928 2938 2939 2939 2939 2939 2939 2939 2939 2939 2939
Cláusulas satisfeitas: 2939/3834 (76.7%)
Trail: 2919 2919 2919 2938 2938 2938 2938 2938 2938 2938 2952 2952 2952 2952 2952 2952 2952 2952 2952 2952
Cláusulas satisfeitas: 2972/3834 (77.5%)
Trail: 2919 2919 2919 2930 2930 2930 2930 2930 2930 2930 2943 2943 2943 2943 2943 2943 2943 2943 2943 2943
Cláusulas satisfeitas: 2960/3834 (77.2%)
Trail: 2919 2919 2919 2919 2919 2929 2929 2929 2929 2929 2929 2929 2940 2940 2962 2962 2962 2962 2962 2962
Cláusulas satisfeitas: 2969/3834 (77.4%)
Trail: 2936 2936 2936 2936 2936 2936 2936 2936 2936 2936 2936 2936 2936 2936 2936 2936 2936 2936 2936 2936
Cláusulas satisfeitas: 2943/3834 (76.8%)
Trail: 2917 2917 2941 2941 2941 2941 2941 2941 2941 2941 2941 2941 2941 2941 2941 2941 2941 2941 2941 2943
Cláusulas satisfeitas: 2952/3834 (77.0%)
Trail: 2918 2929 2933 2933 2933 2933 2933 2933 2934 2934 2934 2934 2934 2956 2956 2956 2956 2956 2956 2956
Cláusulas satisfeitas: 2968/3834 (77.4%)
Trail: 2918 2918 2918 2919 2919 2919 2919 2919 2919 2919 2919 2922 2932 2932 2934 2934 2934 2934 2934 2935
Cláusulas satisfeitas: 2975/3834 (77.6%)
Trail: 2925 2925 2934 2934 2934 2940 2940 2940 2940 2941 2941 2941 2941 2941 2941 2942 2942 2942 2942 2942
Cláusulas satisfeitas: 2953/3834 (77.0%)
Trail: 2945 2945 2945 2945 2945 2945 2945 2945 2945 2945 2945 2945 2945 2945 2945 2945 2945 2945 2945 2945
Cláusulas satisfeitas: 2953/3834 (77.0%)
Trail: 2941 2945 2952 2952 2952 2952 2952 2952 2952 2952 2952 2952 2952 2952 2952 2952 2952 2952 2952 2952
Cláusulas satisfeitas: 2952/3834 (77.0%)
Trail: 2938 2948 2953 2953 2953 2953 2953 2953 2953 2953 2953 2953 2953 2953 2953 2953 2953 2953 2953 2953
Cláusulas satisfeitas: 2960/3834 (77.2%)
Trail: 2929 2933 2933 2933 2933 2933 2933 2933 2947 2947 2947 2947 2947 2947 2947 2947 2952 2955 2955 2955
Cláusulas satisfeitas: 2955/3834 (77.1%)
Trail: 2927 2927 2927 2937 2937 2937 2943 2956 2956 2956 2956 2956 2956 2956 2956 2956 2956 2956 2956 2956
Cláusulas satisfeitas: 2957/3834 (77.1%)
Trail: 2921 2921 2923 2923 2923 2945 2945 2945 2945 2945 2945 2945 2945 2945 2949 2949 2949 2949 2949 2949
Cláusulas satisfeitas: 2979/3834 (77.7%)
Trail: 2920 2936 2936 2936 2936 2936 2936 2937 2945 2949 2958 2958 2958 2958 2958 2958 2958 2958 2958 2958
Cláusulas satisfeitas: 2984/3834 (77.8%)
Trail: 2914 2914 2914 2917 2917 2917 2917 2917 2917 2917 2919 2919 2921 2926 2936 2944 2944 2944 2944 2944
Cláusulas satisfeitas: 2944/3834 (76.8%)
Trail: 2923 2923 2923 2923 2945 2945 2945 2945 2952 2952 2952 2952 2952 2952 2952 2952 2952 2952 2952 2952
Cláusulas satisfeitas: 2956/3834 (77.1%)
Trail: 2927 2930 2930 2930 2930 2930 2930 2930 2930 2930 2937 2937 2945 2945 2945 2945 2945 2945 2945 2945
Cláusulas satisfeitas: 2946/3834 (76.8%)
Trail: 2929 2929 2929 2943 2943 2943 2943 2943 2943 2943 2943 2943 2943 2943 2943 2943 2943 2949 2949 2949
Cláusulas satisfeitas: 2949/3834 (76.9%)
Trail: 2932 2935 2935 2935 2935 2948 2948 2948 2948 2948 2948 2948 2948 2948 2952 2952 2952 2952 2952 2952
Cláusulas satisfeitas: 2956/3834 (77.1%)
Trail: 2932 2932 2932 2932 2932 2932 2932 2932 2941 2941 2952 2952 2952 2952 2952 2952 2952 2952 2952 2952
Cláusulas satisfeitas: 2952/3834 (77.0%)
Trail: 2923 2939 2939 2939 2939 2939 2939 2939 2939 2939 2939 2939 2939 2939 2939 2939 2939 2939 2939 2939
Cláusulas satisfeitas: 2953/3834 (77.0%)
