-- Abordagem: --chaos 0.2 --search reckless --steps 1
Trail: 1305 1384 1384 1384 1384 1389 1404 1404 1404 1404 1404 1404 1404 1404 1404 1408 1408 1413 1413 1413
Cláusulas satisfeitas: 1413/1704 (82.9%)
Trail: 1313 1375 1389 1389 1395 1396 1396 1396 1399 1399 1402 1405 1424 1444 1444 1444 1444 1444 1444 1444
Cláusulas satisfeitas: 1444/1704 (84.7%)
Trail: 1312 1363 1373 1385 1385 1385 1385 1390 1406 1406 1406 1406 1406 1409 1409 1409 1409 1411 1411 1411
Cláusulas satisfeitas: 1411/1704 (82.8%)
Trail: 1322 1386 1391 1391 1391 1394 1397 1397 1397 1400 1403 1418 1418 1418 1418 1418 1418 1418 1418 1418
Cláusulas satisfeitas: 1418/1704 (83.2%)
Trail: 1316 1397 1397 1397 1417 1417 1417 1417 1417 1417 1417 1417 1417 1417 1417 1417 1417 1417 1417 1417
Cláusulas satisfeitas: 1417/1704 (83.2%)
Trail: 1310 1414 1414 1414 1414 1414 1414 1414 1414 1414 1414 1414 1414 1414 1414 1414 1414 1414 1414 1414
Cláusulas satisfeitas: 1414/1704 (83.0%)
Trail: 1304 1374 1386 1391 1396 1399 1399 1399 1399 1399 1399 1399 1399 1399 1399 1399 1402 1402 1402 1402
Cláusulas satisfeitas: 1402/1704 (82.3%)
Trail: 1321 1376 1383 1383 1389 1389 1389 1405 1405 1422 1422 1422 1422 1422 1422 1422 1422 1422 1422 1422
Cláusulas satisfeitas: 1422/1704 (83.5%)
Trail: 1307 1381 1388 1401 1406 1406 1406 1410 1410 1410 1410 1410 1410 1410 1410 1410 1410 1410 1410 1422
Cláusulas satisfeitas: 1422/1704 (83.5%)
Trail: 1311 1386 1386 1390 1397 1397 1397 1408 1408 1408 1408 1408 1408 1419 1419 1422 1422 1422 1422 1423
Cláusulas satisfeitas: 1423/1704 (83.5%)
Trail: 1302 1395 1396 1396 1396 1398 1398 1401 1401 1404 1404 1410 1410 1410 1410 1416 1416 1416 1416 1419
Cláusulas satisfeitas: 1419/1704 (83.3%)
Trail: 1304 1359 1394 1394 1394 1394 1394 1395 1409 1409 1409 1409 1409 1409 1409 1409 1409 1409 1409 1409
Cláusulas satisfeitas: 1409/1704 (82.7%)
Trail: 1323 1377 1377 1381 1388 1397 1397 1431 1439 1439 1439 1439 1439 1439 1439 1439 1439 1439 1439 1439
Cláusulas satisfeitas: 1439/1704 (84.4%)
Trail: 1325 1355 1355 1379 1379 1383 1390 1390 1423 1423 1423 1423 1423 1423 1423 1423 1423 1423 1423 1423
Cláusulas satisfeitas: 1423/1704 (83.5%)
Trail: 1297 1384 1384 1384 1398 1398 1398 1419 1419 1419 1424 1424 1424 1424 1424 1424 1424 1424 1424 1428
Cláusulas satisfeitas: 1428/1704 (83.8%)
Trail: 1311 1375 1387 1397 1397 1400 1400 1400 1415 1415 1415 1415 1415 1415 1415 1433 1433 1433 1433 1433
Cláusulas satisfeitas: 1433/1704 (84.1%)
Trail: 1305 1377 1389 1395 1395 1416 1420 1420 1420 1420 1420 1420 1420 1420 1420 1420 1420 1420 1420 1420
Cláusulas satisfeitas: 1420/1704 (83.3%)
Trail: 1303 1374 1394 1407 1407 1407 1407 1407 1407 1407 1407 1407 1407 1407 1407 1407 1407 1407 1407 1407
Cláusulas satisfeitas: 1407/1704 (82.6%)
Trail: 1303 1403 1408 1408 1408 1408 1408 1408 1408 1408 1408 1411 1433 1433 1433 1433 1433 1433 1433 1433
Cláusulas satisfeitas: 1433/1704 (84.1%)
Trail: 1292 1403 1416 1416 1416 1416 1416 1416 1416 1416 1416 1416 1416 1416 1416 1416 1416 1416 1416 1416
Cláusulas satisfeitas: 1416/1704 (83.1%)
Trail: 1311 1381 1382 1385 1418 1418 1418 1418 1420 1420 1420 1420 1420 1420 1424 1424 1424 1424 1424 1424
Cláusulas satisfeitas: 1424/1704 (83.6%)
Trail: 1312 1385 1385 1402 1402 1423 1423 1423 1423 1423 1423 1423 1423 1423 1423 1423 1423 1423 1423 1423
Cláusulas satisfeitas: 1423/1704 (83.5%)
Trail: 1317 1389 1393 1400 1400 1400 1408 1408 1414 1414 1414 1414 1414 1414 1414 1414 1414 1414 1414 1414
Cláusulas satisfeitas: 1414/1704 (83.0%)
Trail: 1311 1369 1382 1385 1385 1385 1397 1397 1397 1397 1397 1407 1407 1407 1407 1407 1407 1410 1410 1410
Cláusulas satisfeitas: 1410/1704 (82.7%)
Trail: 1329 1385 1389 1389 1389 1416 1416 1416 1416 1416 1416 1416 1420 1420 1420 1420 1420 1420 1420 1420
Cláusulas satisfeitas: 1420/1704 (83.3%)
Trail: 1310 1401 1415 1427 1427 1427 1427 1427 1427 1427 1427 1427 1430 1430 1430 1430 1430 1430 1430 1430
Cláusulas satisfeitas: 1430/1704 (83.9%)
Trail: 1306 1403 1403 1403 1426 1426 1426 1426 1426 1426 1426 1426 1426 1426 1426 1426 1426 1426 1426 1426
Cláusulas satisfeitas: 1426/1704 (83.7%)
Trail: 1312 1391 1391 1391 1396 1408 1408 1408 1408 1408 1424 1424 1424 1424 1424 1424 1424 1424 1424 1424
Cláusulas satisfeitas: 1424/1704 (83.6%)
Trail: 1309 1412 1412 1412 1412 1412 1412 1412 1412 1412 1412 1412 1412 1412 1412 1412 1412 1412 1412 1412
Cláusulas satisfeitas: 1412/1704 (82.9%)
Trail: 1317 1363 1402 1402 1408 1408 1408 1408 1408 1408 1408 1408 1408 1416 1416 1416 1416 1416 1418 1418
Cláusulas satisfeitas: 1418/1704 (83.2%)
-- Abordagem: --chaos 0.2
Trail: 1313 1317 1322 1322 1322 1322 1322 1322 1322 1322 1326 1326 1326 1326 1326 1326 1326 1326 1326 1326
Cláusulas satisfeitas: 1328/1704 (77.9%)
Trail: 1319 1319 1319 1319 1320 1320 1326 1326 1326 1326 1326 1326 1326 1326 1326 1326 1326 1326 1326 1326
Cláusulas satisfeitas: 1334/1704 (78.3%)
Trail: 1315 1315 1315 1323 1323 1323 1323 1323 1331 1331 1331 1331 1331 1331 1331 1337 1337 1337 1337 1337
Cláusulas satisfeitas: 1338/1704 (78.5%)
Trail: 1300 1301 1302 1309 1309 1309 1309 1309 1309 1309 1309 1309 1309 1309 1309 1313 1319 1319 1319 1319
Cláusulas satisfeitas: 1328/1704 (77.9%)
Trail: 1314 1314 1314 1314 1314 1314 1314 1314 1314 1314 1314 1315 1315 1315 1315 1315 1315 1315 1315 1316
Cláusulas satisfeitas: 1330/1704 (78.1%)
Trail: 1312 1312 1312 1312 1321 1321 1321 1321 1321 1321 1321 1321 1321 1321 1322 1322 1322 1322 1322 1322
Cláusulas satisfeitas: 1322/1704 (77.6%)
Trail: 1317 1317 1317 1317 1317 1321 1321 1321 1321 1321 1321 1321 1321 1321 1321 1321 1321 1329 1335 1335
Cláusulas satisfeitas: 1335/1704 (78.3%)
Trail: 1307 1312 1312 1312 1312 1312 1312 1312 1312 1312 1312 1312 1312 1312 1312 1314 1315 1315 1315 1315
Cláusulas satisfeitas: 1324/1704 (77.7%)
Trail: 1300 1308 1308 1308 1308 1309 1309 1309 1311 1311 1311 1314 1319 1319 1319 1319 1319 1319 1319 1323
Cláusulas satisfeitas: 1335/1704 (78.3%)
Trail: 1334 1334 1334 1334 1334 1334 1334 1334 1334 1334 1334 1334 1334 1334 1334 1334 1334 1334 1334 1334
Cláusulas satisfeitas: 1334/1704 (78.3%)
Trail: 1315 1315 1315 1315 1316 1316 1316 1316 1316 1316 1316 1316 1317 1320 1327 1327 1327 1327 1327 1327
Cláusulas satisfeitas: 1336/1704 (78.4%)
Trail: 1337 1337 1337 1337 1337 1337 1337 1337 1337 1337 1337 1337 1337 1337 1337 1337 1337 1337 1337 1337
Cláusulas satisfeitas: 1337/1704 (78.5%)
Trail: 1300 1303 1303 1308 1308 1308 1309 1313 1313 1313 1322 1322 1322 1334 1334 1334 1334 1334 1334 1334
Cláusulas satisfeitas: 1334/1704 (78.3%)
Trail: 1319 1325 1326 1326 1326 1326 1326 1326 1326 1326 1326 1326 1326 1326 1326 1326 1326 1326 1326 1326
Cláusulas satisfeitas: 1329/1704 (78.0%)
Trail: 1316 1316 1316 1323 1323 1323 1327 1327 1327 1327 1327 1327 1327 1327 1327 1327 1327 1327 1327 1327
Cláusulas satisfeitas: 1328/1704 (77.9%)
Trail: 1322 1322 1322 1322 1322 1322 1322 1322 1322 1322 1329 1329 1329 1329 1329 1329 1329 1329 1329 1329
Cláusulas satisfeitas: 1330/1704 (78.1%)
Trail: 1303 1303 1303 1307 1308 1308 1316 1316 1316 1318 1318 1322 1322 1322 1322 1322 1322 1322 1322 1322
Cláusulas satisfeitas: 1336/1704 (78.4%)
Trail: 1331 1333 1333 1333 1333 1333 1333 1333 1333 1333 1333 1333 1333 1333 1333 1333 1333 1333 1333 1333
Cláusulas satisfeitas: 1338/1704 (78.5%)
Trail: 1313 1319 1320 1320 1320 1320 1320 1329 1329 1329 1329 1329 1329 1329 1329 1329 1329 1329 1329 1329
Cláusulas satisfeitas: 1329/1704 (78.0%)
Trail: 1318 1318 1318 1318 1322 1324 1324 1324 1324 1324 1324 1324 1324 1324 1324 1324 1324 1324 1324 1324
Cláusulas satisfeitas: 1324/1704 (77.7%)
Trail: 1307 1307 1307 1307 1313 1313 1313 1313 1324 1328 1328 1330 1341 1341 1341 1341 1341 1341 1341 1341
Cláusulas satisfeitas: 1341/1704 (78.7%)
Trail: 1305 1311 1312 1322 1325 1325 1325 1325 1334 1334 1334 1334 1334 1334 1334 1334 1334 1334 1334 1334
Cláusulas satisfeitas: 1336/1704 (78.4%)
Trail: 1315 1315 1315 1315 1315 1315 1315 1315 1319 1319 1319 1319 1319 1319 1319 1319 1319 1319 1319 1319
Cláusulas satisfeitas: 1328/1704 (77.9%)
Trail: 1303 1303 1310 1315 1315 1315 1315 1315 1315 1315 1315 1315 1317 1317 1325 1325 1325 1325 1325 1325
Cláusulas satisfeitas: 1325/1704 (77.8%)
Trail: 1327 1327 1327 1327 1327 1327 1327 1327 1327 1327 1327 1327 1327 1327 1327 1327 1327 1327 1330 1330
Cláusulas satisfeitas: 1330/1704 (78.1%)
Trail: 1314 1315 1315 1315 1319 1319 1319 1321 1321 1321 1321 1321 1321 1321 1322 1325 1325 1325 1325 1325
Cláusulas satisfeitas: 1333/1704 (78.2%)
Trail: 1313 1315 1315 1315 1315 1315 1315 1315 1322 1322 1322 1322 1322 1322 1322 1322 1322 1322 1322 1322
Cláusulas satisfeitas: 1328/1704 (77.9%)
Trail: 1335 1335 1335 1335 1335 1335 1335 1335 1335 1335 1335 1335 1335 1335 1335 1335 1335 1335 1335 1335
Cláusulas satisfeitas: 1339/1704 (78.6%)
Trail: 1322 1326 1326 1326 1326 1326 1326 1326 1326 1326 1326 1327 1327 1327 1327 1327 1327 1327 1327 1343
Cláusulas satisfeitas: 1343/1704 (78.8%)
Trail: 1313 1318 1319 1325 1325 1325 1333 1333 1333 1333 1333 1333 1333 1333 1333 1333 1333 1333 1333 1333
Cláusulas satisfeitas: 1333/1704 (78.2%)
-- Abordagem: --uniforme 0.2
Trail: 1308 1308 1308 1308 1313 1313 1313 1313 1313 1317 1317 1317 1317 1317 1317 1317 1317 1317 1317 1317
Cláusulas satisfeitas: 1317/1704 (77.3%)
Trail: 1326 1326 1326 1326 1326 1326 1326 1326 1326 1326 1326 1326 1326 1326 1326 1326 1326 1326 1326 1326
Cláusulas satisfeitas: 1330/1704 (78.1%)
Trail: 1310 1317 1317 1317 1320 1321 1325 1325 1325 1325 1330 1333 1333 1333 1333 1333 1333 1333 1333 1333
Cláusulas satisfeitas: 1333/1704 (78.2%)
Trail: 1300 1306 1306 1309 1311 1317 1317 1317 1318 1327 1327 1327 1327 1327 1327 1327 1327 1327 1327 1327
Cláusulas satisfeitas: 1327/1704 (77.9%)
Trail: 1334 1334 1334 1334 1334 1334 1334 1334 1334 1334 1334 1334 1334 1334 1334 1334 1334 1334 1334 1334
Cláusulas satisfeitas: 1334/1704 (78.3%)
Trail: 1326 1326 1326 1326 1326 1326 1326 1326 1326 1326 1326 1326 1326 1326 1326 1326 1326 1326 1326 1326
Cláusulas satisfeitas: 1336/1704 (78.4%)
Trail: 1308 1308 1308 1308 1308 1308 1308 1321 1321 1321 1321 1321 1321 1327 1327 1328 1328 1328 1328 1328
Cláusulas satisfeitas: 1328/1704 (77.9%)
Trail: 1306 1306 1306 1306 1312 1312 1312 1312 1312 1312 1312 1312 1312 1319 1319 1319 1323 1323 1323 1323
Cláusulas satisfeitas: 1323/1704 (77.6%)
Trail: 1310 1310 1310 1310 1316 1316 1316 1316 1316 1316 1316 1316 1316 1316 1316 1316 1316 1330 1334 1334
Cláusulas satisfeitas: 1334/1704 (78.3%)
Trail: 1307 1307 1307 1307 1307 1309 1309 1309 1309 1313 1313 1313 1313 1313 1313 1313 1316 1316 1316 1316
Cláusulas satisfeitas: 1316/1704 (77.2%)
Trail: 1317 1317 1317 1317 1317 1317 1317 1317 1317 1317 1317 1317 1317 1317 1317 1317 1317 1317 1317 1317
Cláusulas satisfeitas: 1327/1704 (77.9%)
Trail: 1302 1309 1311 1311 1313 1313 1313 1318 1320 1320 1321 1321 1321 1321 1321 1321 1321 1321 1321 1321
Cláusulas satisfeitas: 1326/1704 (77.8%)
Trail: 1332 1332 1332 1332 1332 1332 1332 1332 1332 1332 1332 1332 1332 1332 1332 1332 1332 1332 1332 1332
Cláusulas satisfeitas: 1332/1704 (78.2%)
Trail: 1302 1306 1306 1306 1306 1306 1314 1314 1314 1314 1314 1314 1314 1314 1314 1314 1314 1316 1316 1316
Cláusulas satisfeitas: 1318/1704 (77.3%)
Trail: 1314 1314 1314 1314 1314 1317 1317 1317 1317 1323 1323 1323 1323 1323 1323 1323 1323 1326 1329 1329
Cláusulas satisfeitas: 1329/1704 (78.0%)
Trail: 1323 1323 1323 1323 1323 1323 1323 1329 1329 1329 1329 1332 1346 1346 1346 1346 1346 1346 1346 1346
Cláusulas satisfeitas: 1346/1704 (79.0%)
Trail: 1311 1311 1311 1311 1319 1319 1320 1320 1321 1324 1325 1325 1325 1325 1325 1325 1325 1325 1325 1325
Cláusulas satisfeitas: 1328/1704 (77.9%)
Trail: 1314 1314 1322 1330 1330 1330 1330 1330 1330 1330 1330 1330 1330 1335 1335 1335 1335 1335 1335 1335
Cláusulas satisfeitas: 1335/1704 (78.3%)
Trail: 1325 1325 1325 1325 1325 1325 1325 1325 1325 1325 1325 1325 1325 1325 1325 1325 1325 1325 1325 1327
Cláusulas satisfeitas: 1327/1704 (77.9%)
Trail: 1312 1316 1316 1321 1321 1321 1321 1321 1321 1321 1321 1321 1321 1321 1321 1321 1321 1321 1321 1321
Cláusulas satisfeitas: 1329/1704 (78.0%)
Trail: 1309 1309 1309 1312 1312 1315 1315 1315 1315 1315 1315 1315 1315 1315 1315 1315 1315 1315 1315 1315
Cláusulas satisfeitas: 1321/1704 (77.5%)
Trail: 1311 1311 1311 1311 1311 1311 1311 1311 1311 1312 1313 1313 1313 1323 1323 1323 1323 1323 1323 1323
Cláusulas satisfeitas: 1337/1704 (78.5%)
Trail: 1322 1322 1322 1322 1328 1328 1328 1328 1328 1328 1328 1328 1328 1328 1328 1328 1328 1328 1328 1328
Cláusulas satisfeitas: 1328/1704 (77.9%)
Trail: 1321 1321 1321 1321 1321 1321 1321 1321 1321 1321 1321 1321 1321 1321 1321 1330 1330 1330 1330 1330
Cláusulas satisfeitas: 1330/1704 (78.1%)
Trail: 1293 1303 1303 1303 1321 1321 1321 1321 1327 1327 1327 1327 1327 1327 1327 1327 1327 1327 1327 1327
Cláusulas satisfeitas: 1339/1704 (78.6%)
Trail: 1316 1316 1316 1316 1316 1316 1319 1319 1319 1319 1319 1319 1319 1319 1319 1319 1319 1319 1319 1319
Cláusulas satisfeitas: 1337/1704 (78.5%)
Trail: 1321 1321 1325 1330 1330 1330 1330 1330 1330 1330 1330 1330 1330 1330 1330 1330 1330 1330 1330 1330
Cláusulas satisfeitas: 1330/1704 (78.1%)
Trail: 1313 1313 1313 1313 1313 1316 1316 1316 1318 1323 1323 1323 1323 1323 1323 1323 1323 1323 1323 1323
Cláusulas satisfeitas: 1323/1704 (77.6%)
Trail: 1312 1312 1312 1315 1326 1326 1326 1326 1326 1326 1326 1326 1326 1326 1326 1326 1326 1326 1326 1326
Cláusulas satisfeitas: 1327/1704 (77.9%)
Trail: 1305 1305 1305 1305 1305 1305 1313 1313 1316 1316 1316 1316 1316 1320 1320 1320 1320 1320 1320 1320
Cláusulas satisfeitas: 1321/1704 (77.5%)
